Year	Age	Croatia	Lithuania	Slovakia	SouthKorea	Sweden
1	1	0.003706772	0.00527368	0.004163155	0.001864648	0.001677245
1	2	0.026862778	0.026861947	0.027675008	0.013899262	0.015122037
1	3	0.083076296	0.06517189	0.078401064	0.043586054	0.047621921
1	4	0.241453406	0.180991616	0.191791152	0.141833319	0.18357974
2	1	0.003744026	0.005919436	0.004299206	0.001843713	0.001685673
2	2	0.0271081	0.028740405	0.027450007	0.013752109	0.013786337
2	3	0.083249733	0.070981787	0.077742232	0.043610269	0.047710934
2	4	0.252366554	0.192105136	0.207418579	0.137284139	0.182164478
3	1	0.003930296	0.005838717	0.004367231	0.001926987	0.001769957
3	2	0.024041573	0.027989022	0.025537507	0.013035439	0.013881744
3	3	0.082555985	0.062393243	0.082793281	0.043964164	0.049046128
3	4	0.232586473	0.184166908	0.21310128	0.140547127	0.178929593
4	1	0.003762653	0.005596558	0.004340021	0.00193862	0.001677245
4	2	0.024654878	0.02986748	0.029587508	0.013778864	0.015455962
4	3	0.079954431	0.063656264	0.083012892	0.04329548	0.047443895
4	4	0.233950616	0.204806302	0.224466682	0.135262282	0.184388462
5	1	0.004358717	0.004681736	0.004367231	0.001902332	0.001812099
5	2	0.03164656	0.031933783	0.027675008	0.013685221	0.013261597
5	3	0.076312255	0.066434911	0.07730301	0.043029121	0.044239429
5	4	0.238043047	0.208775417	0.21310128	0.14395627	0.176099068
6	1	0.003799907	0.005596558	0.004394442	0.001923267	0.001660388
6	2	0.031278577	0.028364714	0.026550007	0.013230385	0.015551369
6	3	0.08567785	0.073255225	0.084769778	0.044651491	0.047354882
6	4	0.238043047	0.210363063	0.229439045	0.150931679	0.18944297
7	1	0.00396755	0.004977708	0.00412234	0.001966931	0.001904811
7	2	0.028948016	0.032873012	0.027787508	0.013808891	0.014978926
7	3	0.081515363	0.079822935	0.083452113	0.043384392	0.048957115
7	4	0.256458985	0.187342199	0.236542421	0.153033517	0.203797773
8	1	0.004079312	0.005757997	0.004135945	0.001880606	0.001719387
8	2	0.028089388	0.029116097	0.028575008	0.014358748	0.014788112
8	3	0.07717944	0.070476579	0.082134448	0.047379173	0.049046128
8	4	0.233268545	0.212744531	0.207418579	0.167466455	0.202180331
9	1	0.003948923	0.00581181	0.003741398	0.001979095	0.001997523
9	2	0.024777539	0.027049793	0.029137508	0.014153435	0.014597298
9	3	0.078566935	0.074518246	0.071153907	0.047944659	0.049491193
9	4	0.232586473	0.199249542	0.209549592	0.160333317	0.188634249
10	1	0.00415382	0.006080876	0.004163155	0.001913497	0.001710959
10	2	0.025268184	0.026861947	0.026100007	0.013671844	0.01435878
10	3	0.074577886	0.070223974	0.079718729	0.047993088	0.049669219
10	4	0.233950616	0.190517491	0.196763515	0.164579218	0.173875084
11	1	0.003893042	0.005677278	0.003945474	0.001916289	0.001727815
11	2	0.026985439	0.031745938	0.025312507	0.013725354	0.013786337
11	3	0.07717944	0.064666681	0.06939702	0.049324885	0.04121299
11	4	0.238725119	0.212744531	0.185398114	0.159423481	0.184590642
12	1	0.003129335	0.005435119	0.004013499	0.001824173	0.001862669
12	2	0.0249002	0.032121629	0.024187507	0.013350783	0.014883519
12	3	0.069548214	0.061888035	0.067859745	0.046273861	0.049313167
12	4	0.209396033	0.188929845	0.185398114	0.152751351	0.168820576
13	1	0.00359501	0.005677278	0.003741398	0.001888375	0.001913239
13	2	0.025145522	0.028364714	0.023625006	0.013792242	0.012832265
13	3	0.070415399	0.05860418	0.071373518	0.045087352	0.045218572
13	4	0.220309181	0.196868074	0.15698461	0.153256815	0.166596593
14	1	0.003352859	0.006000156	0.003169984	0.001884188	0.001609818
14	2	0.023182945	0.026674102	0.026887507	0.01391264	0.014120262
14	3	0.070762273	0.066434911	0.079279508	0.042254258	0.045485611
14	4	0.202575315	0.186548376	0.176163725	0.139002718	0.170235838
15	1	0.00322247	0.005865623	0.003727793	0.001923741	0.0017531
15	2	0.019871096	0.029679634	0.025650007	0.013032629	0.015169741
15	3	0.071629458	0.066940119	0.07203235	0.040784303	0.044506468
15	4	0.18893388	0.194486605	0.172612037	0.131536057	0.164170429
16	1	0.003054827	0.005166054	0.003714188	0.001925122	0.001694102
16	2	0.025390845	0.02629841	0.024412507	0.012564364	0.015122037
16	3	0.06694666	0.055825534	0.07181274	0.04148671	0.042014106
16	4	0.18893388	0.185754553	0.168350011	0.139320811	0.153657051
17	1	0.00322247	0.00527368	0.003591742	0.001952112	0.001576105
17	2	0.023550928	0.027237639	0.020812506	0.01345036	0.013357004
17	3	0.067466971	0.060119805	0.063467528	0.042583847	0.042815222
17	4	0.179384875	0.158764575	0.167639674	0.129425318	0.141324051
18	1	0.003296978	0.005085334	0.003306035	0.001748805	0.001618247
18	2	0.021956334	0.025734873	0.021037506	0.012681906	0.013643226
18	3	0.065732602	0.058856784	0.059075312	0.039057947	0.03729642
18	4	0.186205593	0.184166908	0.178294738	0.12889343	0.152241789
19	1	0.002980319	0.004735549	0.003414876	0.001858136	0.001938524
19	2	0.021343029	0.028176868	0.024300007	0.012684959	0.012450636
19	3	0.059662309	0.061382826	0.048973214	0.039331337	0.039966808
19	4	0.166425511	0.150826347	0.152722584	0.127593283	0.146176379
20	1	0.003296978	0.005435119	0.003333245	0.00183813	0.001643532
20	2	0.020729723	0.023105032	0.023062506	0.012307335	0.013261597
20	3	0.065559165	0.062393243	0.059734144	0.03777458	0.040144834
20	4	0.150737861	0.180197793	0.174032712	0.12575955	0.149613445
21	1	0.003203843	0.005596558	0.003605347	0.001817194	0.001626675
21	2	0.020607062	0.028176868	0.019912505	0.012922702	0.013118486
21	3	0.050470151	0.058098972	0.057757647	0.040583459	0.042993248
21	4	0.150055789	0.150032524	0.149170896	0.127174851	0.135056461
22	1	0.003390113	0.005623465	0.003659767	0.001831151	0.001626675
22	2	0.019993757	0.028740405	0.021600006	0.012976212	0.013213894
22	3	0.066426349	0.063151056	0.066981301	0.038888446	0.040589899
22	4	0.18143109	0.186548376	0.173322374	0.121311463	0.137684805
23	1	0.003352859	0.005246773	0.003795818	0.00179137	0.00160139
23	2	0.02036174	0.023480723	0.023287506	0.011455685	0.012736858
23	3	0.065732602	0.058351576	0.065004804	0.038952772	0.041034964
23	4	0.184841449	0.147651055	0.152722584	0.117014493	0.138089166
24	1	0.003259724	0.004950801	0.003646162	0.001783698	0.001415966
24	2	0.018399163	0.028364714	0.019462505	0.013243763	0.013404708
24	3	0.056020133	0.051026053	0.057538036	0.038162012	0.038631614
24	4	0.150055789	0.165115159	0.13922617	0.120098349	0.141930592
25	1	0.003352859	0.005354399	0.00337406	0.001698065	0.001390681
25	2	0.022201656	0.020099499	0.023175006	0.012595049	0.011925897
25	3	0.053765453	0.051278657	0.054902706	0.037871397	0.039343718
25	4	0.138460569	0.143681941	0.141357182	0.113814056	0.13424774
26	1	0.003166589	0.005946343	0.003891054	0.001846316	0.001727815
26	2	0.021588351	0.030618863	0.021825006	0.012676614	0.014549594
26	3	0.064171669	0.06340366	0.061051809	0.037530448	0.041034964
26	4	0.18893388	0.150032524	0.165508661	0.109340549	0.140110969
27	1	0.003147962	0.005354399	0.003333245	0.001849783	0.001567676
27	2	0.024777539	0.027049793	0.022275006	0.012350565	0.013118486
27	3	0.065385728	0.054815117	0.067200912	0.035456927	0.039343718
27	4	0.173928301	0.156383107	0.176163725	0.120616304	0.130406313
28	1	0.003725399	0.004547203	0.00331964	0.001722976	0.001592961
28	2	0.025513506	0.024232106	0.023737506	0.011830562	0.013595522
28	3	0.063998232	0.049763032	0.052047765	0.0372817	0.034626032
28	4	0.18143109	0.150826347	0.15982596	0.11276773	0.133439018
29	1	0.003539129	0.005139147	0.003659767	0.001715309	0.00160139
29	2	0.027230761	0.026861947	0.026212507	0.011665213	0.012259822
29	3	0.077699751	0.0538047	0.076204956	0.036491213	0.036495304
29	4	0.248956195	0.134949889	0.196763515	0.109786874	0.136067363
30	1	0.003650891	0.005031521	0.003510111	0.001904203	0.001407537
30	2	0.021220368	0.030994555	0.018000005	0.011975847	0.014454187
30	3	0.055152948	0.048752615	0.052926209	0.038338843	0.039521744
30	4	0.155512363	0.140506649	0.134253806	0.113641194	0.134854281
31	1	0.00359501	0.005784904	0.003836633	0.001816271	0.00155082
31	2	0.02256964	0.02761333	0.025425007	0.012310358	0.012212118
31	3	0.067813845	0.06037241	0.061710642	0.036159379	0.037652472
31	4	0.184159377	0.169878096	0.159115622	0.117281061	0.132630297
32	1	0.003278351	0.005623465	0.003564532	0.001679021	0.001559248
32	2	0.023182945	0.025922718	0.027225007	0.011451173	0.0119736
32	3	0.067640408	0.050015636	0.071153907	0.037290291	0.037563459
32	4	0.208713961	0.163527513	0.202446216	0.11069671	0.135056461
33	1	0.003147962	0.00527368	0.003714188	0.001754861	0.001592961
33	2	0.018399163	0.02141442	0.018787505	0.012551256	0.013404708
33	3	0.049429529	0.049763032	0.057318425	0.03746686	0.036406291
33	4	0.150055789	0.11589814	0.150591571	0.111720651	0.137280445
34	1	0.003725399	0.004870082	0.00323801	0.001746251	0.001609818
34	2	0.020852384	0.023480723	0.023850006	0.012041544	0.011401157
34	3	0.052551394	0.051026053	0.057538036	0.035409645	0.035249123
34	4	0.171882085	0.150826347	0.152722584	0.110531075	0.125958346
35	1	0.003092081	0.004843175	0.003469296	0.001751815	0.001854241
35	2	0.020484401	0.021790111	0.021712506	0.011840818	0.013690929
35	3	0.058101376	0.0538047	0.057098814	0.038388305	0.037385433
35	4	0.163015152	0.146857232	0.149170896	0.1197309	0.144356756
36	1	0.003147962	0.004923895	0.00337406	0.001781363	0.00165196
36	2	0.020975046	0.023480723	0.021600006	0.012484306	0.013404708
36	3	0.057407628	0.044458343	0.054243874	0.037515432	0.039076679
36	4	0.160286865	0.130980775	0.151301909	0.116574169	0.127373608
37	1	0.003334232	0.005058427	0.003428481	0.001825569	0.001626675
37	2	0.024286895	0.026861947	0.022725006	0.012414355	0.011591972
37	3	0.067813845	0.050015636	0.061930252	0.038210441	0.03880964
37	4	0.196436669	0.157970753	0.182556763	0.115852447	0.138493527
38	1	0.003110708	0.004735549	0.003387666	0.001740431	0.001500249
38	2	0.023673589	0.024795644	0.021487506	0.012467865	0.013929447
38	3	0.052377957	0.058351576	0.060612588	0.038113583	0.038453589
38	4	0.154148219	0.145269587	0.159115622	0.120603813	0.145165477
39	1	0.003390113	0.004843175	0.003564532	0.001759971	0.001626675
39	2	0.02036174	0.02629841	0.021600006	0.012802304	0.01450189
39	3	0.058101376	0.055067721	0.051169322	0.041188821	0.038987666
39	4	0.161651009	0.158764575	0.150591571	0.123535507	0.142334953
40	1	0.002645033	0.004305045	0.003360455	0.001760622	0.001559248
40	2	0.021833673	0.027989022	0.021600006	0.012352792	0.01316619
40	3	0.05844825	0.055067721	0.052706598	0.039881822	0.038542602
40	4	0.173928301	0.165908981	0.169060349	0.125364902	0.127171428
41	1	0.002831303	0.006188502	0.003455691	0.001846953	0.001500249
41	2	0.021220368	0.028176868	0.022387506	0.014089726	0.012689154
41	3	0.06070293	0.065929702	0.059953755	0.040082002	0.036495304
41	4	0.18143109	0.171465742	0.171191362	0.133355783	0.141930592
42	1	0.003390113	0.006134689	0.003428481	0.001810432	0.001441251
42	2	0.017908518	0.029679634	0.020025005	0.012991321	0.013023079
42	3	0.066252912	0.061635431	0.059734144	0.038823515	0.042103119
42	4	0.159604794	0.177022502	0.160536298	0.135503715	0.157094117
43	1	0.003576383	0.005327493	0.003578137	0.001748075	0.001508678
43	2	0.020239079	0.030806709	0.023850006	0.012352187	0.013643226
43	3	0.058101376	0.062393243	0.066322469	0.039388372	0.040055821
43	4	0.174610373	0.156383107	0.168350011	0.126114634	0.149006904
44	1	0.003315605	0.004681736	0.003904659	0.001794863	0.001542391
44	2	0.023428267	0.024232106	0.023962506	0.013390916	0.012593747
44	3	0.064345106	0.059614597	0.057757647	0.042690119	0.039610757
44	4	0.178702803	0.156383107	0.168350011	0.133038238	0.152241789
45	1	0.003296978	0.006134689	0.003537321	0.00180882	0.001390681
45	2	0.020607062	0.027237639	0.020025005	0.012039784	0.01383404
45	3	0.057754502	0.056078138	0.059514533	0.039251663	0.040500886
45	4	0.184841449	0.171465742	0.178294738	0.139811461	0.159520281
46	1	0.002868557	0.004601016	0.003618952	0.001771342	0.001525534
46	2	0.020729723	0.026861947	0.023962506	0.012830835	0.014645001
46	3	0.060009182	0.055320325	0.053804652	0.039671202	0.040856938
46	4	0.178702803	0.172259564	0.160536298	0.130347705	0.144963297
47	1	0.003445994	0.004654829	0.002897883	0.001829954	0.001660388
47	2	0.020852384	0.025359181	0.021712506	0.013299173	0.013786337
47	3	0.060182619	0.060119805	0.062589085	0.040543158	0.041569041
47	4	0.169153798	0.16829045	0.163377648	0.129639021	0.147389461
48	1	0.003017573	0.00457411	0.003673372	0.001821381	0.001609818
48	2	0.024532217	0.027425485	0.019575005	0.013016345	0.014263372
48	3	0.063824795	0.061382826	0.061710642	0.040196028	0.042370158
48	4	0.16983587	0.177816325	0.151301909	0.140620204	0.168416216
49	1	0.00340874	0.004896988	0.003224405	0.001766949	0.001458108
49	2	0.019748435	0.025547027	0.023287506	0.013176875	0.012927672
49	3	0.057060754	0.056078138	0.061930252	0.042060542	0.040856938
49	4	0.186205593	0.184166908	0.154853597	0.135969932	0.153252691
50	1	0.003073454	0.00519296	0.003999894	0.001755016	0.001862669
50	2	0.021343029	0.02629841	0.023062506	0.012713973	0.013118486
50	3	0.059141998	0.053552096	0.061491031	0.040147346	0.040055821
50	4	0.174610373	0.190517491	0.152722584	0.133558096	0.160935543
51	1	0.003390113	0.005569651	0.00412234	0.00178928	0.001508678
51	2	0.023918912	0.026674102	0.023062506	0.012989589	0.013309301
51	3	0.066252912	0.075276059	0.061710642	0.041091963	0.043082261
51	4	0.184159377	0.176228679	0.161956973	0.125860643	0.159318101
52	1	0.003520502	0.006215408	0.003482901	0.001842774	0.001567676
52	2	0.022324317	0.032873012	0.025425007	0.012671402	0.015837591
52	3	0.063304484	0.061382826	0.062808696	0.042164908	0.046820805
52	4	0.205985674	0.194486605	0.182556763	0.133760049	0.174683806
53	1	0.003283686	0.005403179	0.003672378	0.001797098	0.001779746
53	2	0.022013355	0.028264314	0.024806099	0.012582898	0.014019663
53	3	0.075274843	0.067036245	0.067201504	0.04233194	0.045019747
53	4	0.20694062	0.17319063	0.174586166	0.128012035	0.16527597
54	1	0.003378045	0.005650024	0.00306945	0.001878777	0.001529078
54	2	0.022497165	0.034105605	0.021799299	0.012053752	0.013878998
54	3	0.066255737	0.067542179	0.058801316	0.042438852	0.050264766
54	4	0.182289386	0.184685583	0.161577785	0.133065912	0.171286005
55	1	0.003642249	0.006637407	0.003562755	0.001870638	0.001863303
55	2	0.025520978	0.032221318	0.022121457	0.013147673	0.014722991
55	3	0.070418401	0.066277345	0.061601379	0.040249887	0.044757496
55	4	0.170612486	0.197713197	0.180748031	0.136011606	0.180301058
56	1	0.003661121	0.005074051	0.003480538	0.001798059	0.001896725
56	2	0.025762883	0.031656032	0.022336228	0.013290709	0.014582326
56	3	0.073366955	0.075131188	0.060524432	0.042736267	0.050264766
56	4	0.183586819	0.194647876	0.162947088	0.137194896	0.177696709
57	1	0.003189327	0.005677452	0.003644972	0.001877385	0.00175468
57	2	0.021045735	0.031467603	0.023947014	0.01327755	0.014394772
57	3	0.063480628	0.064506576	0.063755273	0.042095681	0.044407828
57	4	0.197858586	0.214572462	0.171162908	0.138790186	0.175693364
58	1	0.002868507	0.00559517	0.003809407	0.00188156	0.001704546
58	2	0.022013355	0.03184446	0.022550999	0.014580303	0.015801427
58	3	0.072846622	0.064506576	0.063324495	0.043582757	0.044232994
58	4	0.197858586	0.195414206	0.170478256	0.141699243	0.156461251
59	1	0.003661121	0.005759734	0.003233885	0.002019551	0.001729613
59	2	0.018989543	0.0288296	0.027061199	0.014055608	0.014488549
59	3	0.064000961	0.065518444	0.067847673	0.044734311	0.041348233
59	4	0.171909919	0.161695677	0.160893133	0.144737866	0.16928266
60	1	0.003585634	0.00589687	0.003535349	0.001958492	0.001662768
60	2	0.020682878	0.029018029	0.024591328	0.014083672	0.014066552
60	3	0.06157274	0.066024378	0.058801316	0.045016711	0.044232994
60	4	0.171261203	0.17395696	0.173216863	0.145149899	0.166878646
61	1	0.002887379	0.006472843	0.003370914	0.002041796	0.00175468
61	2	0.022618118	0.022611451	0.023087928	0.014016081	0.015098099
61	3	0.065215071	0.057423501	0.060524432	0.045764194	0.045369415
61	4	0.171909919	0.183919253	0.169793605	0.143517939	0.159866938
62	1	0.002925123	0.006143716	0.003782001	0.001855317	0.001470589
62	2	0.026004788	0.028075885	0.023517471	0.013568774	0.014394772
62	3	0.066429181	0.052617129	0.059447485	0.041348037	0.040648897
62	4	0.186830403	0.181620262	0.160208482	0.137326173	0.170885336
63	1	0.003189327	0.005732306	0.003795704	0.001897521	0.001595923
63	2	0.02322288	0.026756884	0.025020871	0.012716112	0.015660761
63	3	0.061225851	0.060459104	0.059232095	0.04320915	0.043795909
63	4	0.20499447	0.179321272	0.165001043	0.130298643	0.153255899
64	1	0.003189327	0.004909487	0.003960139	0.001865509	0.001637701
64	2	0.022134308	0.026380026	0.023947014	0.013137417	0.014347883
64	3	0.062266517	0.05413493	0.0611706	0.0395476	0.041260816
64	4	0.190073986	0.175489621	0.152677314	0.136214035	0.161870283
65	1	0.003604506	0.005238615	0.003809407	0.001849551	0.001462233
65	2	0.027819075	0.031090745	0.021691914	0.012698549	0.013878998
65	3	0.06278685	0.061976906	0.056432033	0.040860264	0.042746905
65	4	0.193966286	0.167826318	0.171162908	0.132033666	0.161669948
66	1	0.003132712	0.005458033	0.00372719	0.0018961	0.001579212
66	2	0.022860023	0.024872596	0.024161785	0.013177447	0.013410113
66	3	0.064694738	0.057423501	0.060309042	0.038709984	0.041348233
66	4	0.174504786	0.17395696	0.158839178	0.128480471	0.150250881
67	1	0.003566762	0.004964342	0.003384617	0.001770452	0.001629345
67	2	0.022013355	0.026003169	0.0202959	0.011792158	0.013691444
67	3	0.056889743	0.064506576	0.062462937	0.039381035	0.04056148
67	4	0.171909919	0.17395696	0.160893133	0.117522956	0.162070617
68	1	0.00300061	0.00559517	0.003603864	0.001837026	0.001771391
68	2	0.01838478	0.026756884	0.024806099	0.012645912	0.014347883
68	3	0.058277297	0.05995317	0.059447485	0.039304554	0.042397237
68	4	0.183586819	0.157864025	0.157469875	0.128749246	0.152053892
69	1	0.002811892	0.004717496	0.003192777	0.001823533	0.001403744
69	2	0.021408593	0.023930452	0.021799299	0.012030769	0.013128782
69	3	0.061399296	0.06248284	0.060524432	0.038038842	0.039687311
69	4	0.165422752	0.1724243	0.180063379	0.11924877	0.13863148
70	1	0.003264814	0.00488206	0.003521646	0.001884343	0.001646057
70	2	0.023827643	0.023365166	0.023839628	0.011685297	0.012472343
70	3	0.06278685	0.058182402	0.062893716	0.040700117	0.036103214
70	4	0.173856069	0.175489621	0.165001043	0.123869537	0.146845195
71	1	0.003038353	0.005293469	0.003590161	0.001831687	0.001587567
71	2	0.019715258	0.02581474	0.023410085	0.011607861	0.013269447
71	3	0.057930409	0.053628996	0.060524432	0.03862586	0.03767672
71	4	0.163476602	0.161695677	0.151992662	0.123436037	0.135225793
72	1	0.003472404	0.004854633	0.00306945	0.001729866	0.001345254
72	2	0.021892403	0.026568455	0.021906685	0.012159025	0.012472343
72	3	0.061399296	0.051352294	0.055355085	0.038686846	0.039337643
72	4	0.172558636	0.150967053	0.16363174	0.120303596	0.136628135
73	1	0.003208199	0.005211187	0.003535349	0.001778575	0.001520722
73	2	0.02612574	0.02732217	0.023517471	0.012198502	0.012753674
73	3	0.060185185	0.068807014	0.063539884	0.038778358	0.035666129
73	4	0.171261203	0.154798705	0.152677314	0.118989828	0.136828469
74	1	0.002849636	0.00589687	0.003562755	0.001713166	0.001478944
74	2	0.02177145	0.026191598	0.023517471	0.012145866	0.011956569
74	3	0.059317963	0.058941303	0.055139696	0.036879477	0.037414469
74	4	0.186181686	0.193115216	0.164316391	0.1142978	0.134825124
75	1	0.002717533	0.005074051	0.003247588	0.001714998	0.001395388
75	2	0.01983621	0.024872596	0.019866357	0.012175122	0.011206353
75	3	0.057236631	0.0566646	0.049970349	0.036360462	0.03216945
75	4	0.170612486	0.13870577	0.15130801	0.108586403	0.135626462
76	1	0.002774149	0.00447065	0.003028342	0.001716187	0.001520722
76	2	0.021166688	0.019031305	0.021477142	0.011937007	0.011487684
76	3	0.058450742	0.053123062	0.053847359	0.035628635	0.040124396
76	4	0.155043286	0.141771091	0.147200101	0.115458466	0.129816762
77	1	0.00311384	0.005074051	0.00363127	0.00171083	0.001445522
77	2	0.020682878	0.027510599	0.026309499	0.011912052	0.012988116
77	3	0.064347849	0.052111195	0.061816768	0.035445024	0.036889967
77	4	0.171261203	0.163228337	0.173901514	0.119847666	0.137229138
78	1	0.002943994	0.006280852	0.003137965	0.001806861	0.001437166
78	2	0.02128764	0.024684167	0.019114657	0.011596118	0.013410113
78	3	0.058277297	0.063494708	0.054924306	0.036131532	0.038288639
78	4	0.151150986	0.185451913	0.158839178	0.115718421	0.126811744
79	1	0.003057225	0.00458036	0.002987233	0.001706425	0.001579212
79	2	0.017054303	0.025437882	0.0210476	0.011357954	0.012519231
79	3	0.056716298	0.049834492	0.060524432	0.036201042	0.033568122
79	4	0.155043286	0.141771091	0.141722888	0.11020305	0.140234156
80	1	0.002981738	0.004799778	0.003507943	0.001739608	0.001529078
80	2	0.019957163	0.025437882	0.021369757	0.012040593	0.012331677
80	3	0.059491408	0.049581525	0.062678326	0.037062502	0.038725724
80	4	0.156340719	0.127210817	0.141038236	0.114673162	0.142237501
81	1	0.002943994	0.005814588	0.003233885	0.001717341	0.001378677
81	2	0.020561925	0.022988309	0.022765771	0.01148791	0.012331677
81	3	0.053767745	0.052111195	0.056862811	0.035026352	0.040036979
81	4	0.168017619	0.1394721	0.150623359	0.108292004	0.144441181
82	1	0.003378045	0.005814588	0.003247588	0.001855591	0.001813169
82	2	0.022497165	0.028641171	0.019329428	0.011398573	0.011675238
82	3	0.053767745	0.056917567	0.060093653	0.037549978	0.038725724
82	4	0.171909919	0.147901733	0.160208482	0.120691611	0.142838505
83	1	0.003057225	0.004744923	0.003165371	0.001653324	0.001495655
83	2	0.018747638	0.020350306	0.019973742	0.010987864	0.011909681
83	3	0.056022521	0.051352294	0.05341658	0.036353281	0.034879376
83	4	0.148556119	0.155565035	0.15952383	0.115142365	0.147045529
84	1	0.002925123	0.004498078	0.003274994	0.001748615	0.001270054
84	2	0.017780018	0.023930452	0.020940214	0.012505881	0.014019663
84	3	0.049778525	0.053628996	0.049108792	0.038221189	0.036540299
84	4	0.136230502	0.121846505	0.143092191	0.120539346	0.139032149
85	1	0.002925123	0.005348324	0.002932421	0.001805017	0.001520722
85	2	0.021892403	0.024495739	0.024698714	0.011909002	0.012378566
85	3	0.062093073	0.052111195	0.057078201	0.03660494	0.036190631
85	4	0.149853552	0.13717311	0.149254056	0.12602787	0.140634825
86	1	0.003245942	0.005293469	0.003220182	0.001836072	0.001529078
86	2	0.022013355	0.023930452	0.022765771	0.011425388	0.010737468
86	3	0.056542854	0.052364162	0.054924306	0.037809122	0.037589303
86	4	0.173207353	0.17472329	0.138299629	0.121033985	0.143239174
87	1	0.003094968	0.005019196	0.003357211	0.001852568	0.001662768
87	2	0.02080383	0.026191598	0.021154985	0.011805408	0.013316336
87	3	0.05636941	0.055146798	0.055355085	0.036910036	0.041610484
87	4	0.158286869	0.145602742	0.156785224	0.117897872	0.143840177
88	1	0.002962866	0.00488206	0.003370914	0.001810584	0.001378677
88	2	0.021408593	0.022234594	0.025128257	0.010724681	0.013644555
88	3	0.054288078	0.052617129	0.052555023	0.03708538	0.035403878
88	4	0.160881736	0.153266044	0.149254056	0.120303596	0.137028804
89	1	0.003283686	0.004662641	0.003179074	0.001704816	0.001303476
89	2	0.020440973	0.020350306	0.024161785	0.012014275	0.011956569
89	3	0.057236631	0.05413493	0.064832221	0.036490549	0.039250226
89	4	0.148556119	0.120313845	0.158839178	0.114673162	0.134023786
90	1	0.003264814	0.004854633	0.003453132	0.001850943	0.001445522
90	2	0.020561925	0.026568455	0.024054399	0.011961638	0.012753674
90	3	0.054114633	0.059700203	0.052985802	0.037931869	0.035753546
90	4	0.141420235	0.131042468	0.147200101	0.119083669	0.133823452
91	1	0.003566762	0.005485461	0.003343509	0.001763474	0.001478944
91	2	0.022497165	0.024872596	0.024698714	0.012818667	0.013363224
91	3	0.061399296	0.04831669	0.058585927	0.040730757	0.036715133
91	4	0.178397086	0.167059988	0.168424301	0.123435932	0.143038839
92	1	0.003076097	0.005348324	0.003617567	0.001823318	0.001737968
92	2	0.019957163	0.02581474	0.025450414	0.011910535	0.011581461
92	3	0.061919629	0.055146798	0.060524432	0.03972432	0.039862145
92	4	0.175153503	0.160163016	0.166370346	0.125969549	0.134825124
93	1	0.003227071	0.005869443	0.003083153	0.001735884	0.001529078
93	2	0.021892403	0.026003169	0.022014071	0.012306863	0.013738332
93	3	0.065388515	0.057423501	0.060739821	0.039685899	0.036540299
93	4	0.188127836	0.163994667	0.18896385	0.126005083	0.152454561
94	1	0.002943994	0.004854633	0.00349424	0.001814974	0.001462233
94	2	0.018142875	0.032221318	0.024054399	0.0120817	0.013128782
94	3	0.057756964	0.055399765	0.067201504	0.038374159	0.040823731
94	4	0.19526372	0.186984574	0.186909895	0.125876245	0.164073962
95	1	0.003415788	0.005293469	0.003740893	0.001834455	0.001420455
95	2	0.021045735	0.026945313	0.022765771	0.012713395	0.011909681
95	3	0.055675632	0.053628996	0.066124557	0.039197882	0.039337643
95	4	0.187479119	0.197713197	0.181432682	0.123060236	0.148247536
96	1	0.003094968	0.004854633	0.004001248	0.001798253	0.001587567
96	2	0.02128764	0.029018029	0.022658385	0.012002742	0.011862792
96	3	0.05879763	0.056158666	0.055785864	0.040043967	0.041523067
96	4	0.187479119	0.183919253	0.179378727	0.141362661	0.158063927
97	1	0.003208199	0.005293469	0.003425726	0.001684367	0.001295121
97	2	0.021529545	0.031656032	0.021477142	0.011569476	0.012613008
97	3	0.064174405	0.062735807	0.063109105	0.041760038	0.04405816
97	4	0.180991953	0.162462007	0.181432682	0.135333104	0.156661586
98	1	0.003302558	0.005238615	0.003466835	0.001832851	0.001478944
98	2	0.021650498	0.02581474	0.023839628	0.012474844	0.014394772
98	3	0.058624186	0.05995317	0.062462937	0.039258798	0.043446241
98	4	0.186181686	0.179321272	0.19717967	0.138320983	0.157062255
99	1	0.003227071	0.004607787	0.003850516	0.001725691	0.001420455
99	2	0.020440973	0.027699028	0.022980542	0.01208007	0.013597667
99	3	0.05879763	0.057929435	0.063109105	0.039418945	0.04056148
99	4	0.20888677	0.17395696	0.194441063	0.134755042	0.154658241
100	1	0.003189327	0.005430606	0.003562755	0.001853938	0.001545789
100	2	0.020682878	0.025249454	0.026202114	0.011963116	0.01444166
100	3	0.058971075	0.051099327	0.063539884	0.04116529	0.041260816
100	4	0.188776553	0.163994667	0.175270818	0.140516318	0.164474631
101	1	0.002962866	0.004662641	0.003329806	0.001799855	0.0014873
101	2	0.0241905	0.02581474	0.025128257	0.011648729	0.013785221
101	3	0.069377735	0.057929435	0.055570475	0.042363068	0.045369415
101	4	0.200453453	0.163994667	0.162262437	0.135391618	0.16928266
102	1	0.003472404	0.005128906	0.00349424	0.001916563	0.001303476
102	2	0.025520978	0.025437882	0.023839628	0.01256842	0.014816768
102	3	0.073540399	0.058182402	0.066770726	0.041691611	0.044145577
102	4	0.217320087	0.155565035	0.183486637	0.137513493	0.174892026
103	1	0.004057428	0.005704879	0.003768299	0.001869219	0.001612634
103	2	0.02322288	0.029960173	0.029208914	0.012660699	0.015332542
103	3	0.074234177	0.060459104	0.070647735	0.044505741	0.043621075
103	4	0.22640212	0.187750904	0.216349915	0.146334579	0.168280987
104	1	0.004000813	0.005046624	0.004042357	0.001919136	0.001604278
104	2	0.027940028	0.031090745	0.027598128	0.012764345	0.01570765
104	3	0.082212616	0.065265477	0.078617145	0.043788659	0.046768086
104	4	0.219266237	0.198479527	0.266329485	0.1545554	0.189115776
105	1	0.004085368	0.005745348	0.004365872	0.001803946	0.00151291
105	2	0.030716969	0.031384396	0.02831431	0.012458804	0.016543242
105	3	0.091265891	0.070960425	0.088582189	0.040896032	0.048220148
105	4	0.287125819	0.22544234	0.260303405	0.150800906	0.206652717
106	1	0.003989468	0.005352983	0.004061919	0.001770343	0.001711324
106	2	0.032979072	0.03459846	0.029750543	0.011760245	0.014819017
106	3	0.104825395	0.075000876	0.088582189	0.040995925	0.047206764
106	4	0.329295486	0.2276671	0.265615719	0.152494302	0.205653429
107	1	0.003452424	0.006053635	0.004628377	0.001866451	0.001595583
107	2	0.027621461	0.02665783	0.030366072	0.011773154	0.013327795
107	3	0.096481085	0.079546384	0.085833816	0.041209446	0.046108933
107	4	0.311931505	0.218768061	0.22710144	0.133800336	0.205253714
108	1	0.00425799	0.005072722	0.004186263	0.0017592	0.00151291
108	2	0.027621461	0.031006271	0.027903958	0.012134611	0.013933604
108	3	0.085529178	0.068687671	0.087313709	0.040035083	0.044251064
108	4	0.256118711	0.246948353	0.237726069	0.139166196	0.179671946
109	1	0.003394884	0.005521139	0.003979022	0.001876383	0.001430237
109	2	0.028454867	0.029682832	0.028109134	0.012846123	0.014166608
109	3	0.084312299	0.068182615	0.081605549	0.040319302	0.041633157
109	4	0.248056863	0.243982007	0.252334934	0.150801213	0.180871091
110	1	0.003183902	0.004820487	0.003688885	0.0017592	0.00160385
110	2	0.024883126	0.02665783	0.024313375	0.011863518	0.01435301
110	3	0.07527263	0.083334307	0.078434349	0.039458578	0.040113082
110	4	0.218910182	0.205419501	0.212492576	0.14245495	0.179072373
111	1	0.003337343	0.004764435	0.004158631	0.001831629	0.001521177
111	2	0.022144792	0.027981269	0.025544432	0.012018428	0.014213208
111	3	0.073534232	0.073990763	0.069977815	0.039906971	0.047291213
111	4	0.204646912	0.193554115	0.225109322	0.135790897	0.189664824
112	1	0.002957757	0.005885478	0.003523093	0.001800986	0.001595583
112	2	0.02360401	0.027225018	0.023287494	0.011798972	0.013840403
112	3	0.071861492	0.066162389	0.068709335	0.040355364	0.047375662
112	4	0.186756236	0.212093781	0.19854775	0.130944313	0.20225585
113	1	0.003701766	0.004820487	0.003315852	0.001785664	0.001479841
113	2	0.02226385	0.028359394	0.026262549	0.011915155	0.01430641
113	3	0.071621994	0.06464722	0.066595202	0.038455032	0.046024484
113	4	0.191623927	0.182430315	0.223117204	0.131550136	0.190464254
114	1	0.003011281	0.005072722	0.003122427	0.001693735	0.001636919
114	2	0.020358921	0.028359394	0.022877142	0.011902246	0.012861789
114	3	0.067797519	0.057323902	0.054967468	0.038924777	0.042815437
114	4	0.161236961	0.169823342	0.189915239	0.125318814	0.168280065
115	1	0.003586685	0.004820487	0.003578357	0.001887344	0.00160385
115	2	0.019644573	0.029304707	0.021543497	0.011940973	0.012768587
115	3	0.062408485	0.055051148	0.061944108	0.038497736	0.043322129
115	4	0.197825348	0.160182716	0.162689628	0.130598128	0.172077359
116	1	0.003164722	0.005212852	0.003536909	0.001752427	0.001529445
116	2	0.021311386	0.025145329	0.021646085	0.010870854	0.012022976
116	3	0.063451524	0.055303676	0.067229442	0.036818221	0.041970952
116	4	0.200305917	0.165373822	0.197219672	0.127517916	0.148694024
117	1	0.003126362	0.00501667	0.003371116	0.00174686	0.001562514
117	2	0.018811167	0.022120327	0.02297973	0.011064591	0.012069577
117	3	0.060322408	0.061616881	0.058561495	0.03888928	0.042730989
117	4	0.182321794	0.169081755	0.175306375	0.126565518	0.163683341
118	1	0.003548325	0.004400096	0.003329668	0.001738494	0.001479841
118	2	0.02404972	0.023632828	0.021953849	0.012149111	0.014166608
118	3	0.057367131	0.06035424	0.056235948	0.037992101	0.0420554
118	4	0.170539093	0.172048102	0.1706581	0.13392308	0.159486332
119	1	0.003126362	0.005352983	0.003467828	0.001671449	0.001612117
119	2	0.02226385	0.024200016	0.024210787	0.011824791	0.012721986
119	3	0.05893169	0.053535979	0.059829975	0.037344725	0.038086316
119	4	0.171779378	0.169823342	0.165345785	0.121078053	0.15808733
120	1	0.003375704	0.004792461	0.003163875	0.001806557	0.001372366
120	2	0.021192328	0.028170331	0.023184906	0.012044246	0.013980205
120	3	0.063103845	0.055051148	0.065115308	0.037088501	0.039944185
120	4	0.170539093	0.154991609	0.159369432	0.128434475	0.164482771
121	1	0.003337343	0.004736409	0.003467828	0.001727364	0.001504643
121	2	0.023811604	0.025712517	0.024313375	0.011387318	0.013187993
121	3	0.065711442	0.061616881	0.057504428	0.038654635	0.042308746
121	4	0.164957814	0.168340169	0.169330021	0.119294648	0.159286475
122	1	0.003227204	0.004428122	0.003840862	0.001748057	0.001554246
122	2	0.021576537	0.023632828	0.021235733	0.011953882	0.011929775
122	3	0.066471706	0.059596656	0.054967468	0.039906971	0.040366428
122	4	0.165044471	0.165373822	0.136128056	0.122203153	0.153290748
123	1	0.002804808	0.005521139	0.003177691	0.001769155	0.001587315
123	2	0.018957191	0.026846893	0.021030557	0.011335835	0.013327795
123	3	0.057772015	0.054041035	0.050950615	0.036454703	0.039353045
123	4	0.174387155	0.177239208	0.157377314	0.122757668	0.153490606
124	1	0.003126362	0.004876539	0.003384932	0.001784272	0.001372366
124	2	0.019763631	0.026846893	0.018876207	0.010959877	0.012395782
124	3	0.060322408	0.061616881	0.055601708	0.037302021	0.036312896
124	4	0.156275824	0.146834156	0.15140096	0.118827853	0.142698297
125	1	0.003030461	0.004792461	0.003136243	0.001809343	0.001545979
125	2	0.018573051	0.025712517	0.020004676	0.011553698	0.014399611
125	3	0.053716496	0.059596656	0.055813121	0.035700618	0.034792821
125	4	0.164957814	0.166856995	0.148744803	0.124107168	0.146495591
126	1	0.003414064	0.004259965	0.003481644	0.001741725	0.001537712
126	2	0.021906676	0.021742202	0.021338321	0.011661252	0.012675386
126	3	0.05893169	0.055556204	0.051796268	0.038042272	0.037157382
126	4	0.173639804	0.147575743	0.158705392	0.118268202	0.141898867
127	1	0.003164722	0.0045122	0.002818474	0.001652158	0.001471574
127	2	0.019525515	0.02306564	0.020927968	0.0109873	0.013887004
127	3	0.051282739	0.053788507	0.049470721	0.035643826	0.031668223
127	4	0.17239952	0.166856995	0.137456135	0.111071469	0.138101574
128	1	0.003030461	0.004820487	0.003398748	0.001753843	0.001463306
128	2	0.018930225	0.021931265	0.022671966	0.010961419	0.013187993
128	3	0.055281054	0.05757643	0.047568001	0.036476549	0.038001868
128	4	0.135811133	0.137935116	0.144760567	0.115744982	0.13510371
129	1	0.003529145	0.004568252	0.003315852	0.001734128	0.001455039
129	2	0.022501966	0.026090642	0.020722792	0.010495147	0.01225598
129	3	0.061886966	0.049748056	0.054121815	0.036618756	0.035130615
129	4	0.167438383	0.163149062	0.142768449	0.119087491	0.125710405
130	1	0.00293456	0.004764435	0.003274404	0.001748973	0.001297961
130	2	0.019049283	0.021553139	0.02246679	0.010719888	0.013840403
130	3	0.054064175	0.05050564	0.060675628	0.034752972	0.035637307
130	4	0.188523216	0.159441129	0.148744803	0.111843496	0.140100149
131	1	0.003682586	0.004287991	0.003716517	0.001693865	0.001388901
131	2	0.022025734	0.021931265	0.020927968	0.011550933	0.012395782
131	3	0.054759535	0.045455076	0.049047895	0.034916814	0.035975101
131	4	0.173019662	0.161665889	0.136792096	0.110589745	0.135503425
132	1	0.003586685	0.004848513	0.003094795	0.00163802	0.001570781
132	2	0.020239863	0.022876578	0.021338321	0.010959877	0.011976376
132	3	0.065885281	0.052273338	0.054333228	0.0344622	0.032934952
132	4	0.168058525	0.155733196	0.135464017	0.104893924	0.134903853
133	1	0.003164722	0.004960617	0.0033573	0.001670056	0.001463306
133	2	0.02107327	0.019662513	0.021543497	0.010792058	0.011696771
133	3	0.05858401	0.050000584	0.054967468	0.03582873	0.035637307
133	4	0.182321794	0.159441129	0.162025589	0.105759386	0.129507699
134	1	0.003107182	0.005100748	0.003481644	0.001750843	0.001405436
134	2	0.02107327	0.020985951	0.020620204	0.011631153	0.011370567
134	3	0.053194976	0.055556204	0.053698988	0.034846536	0.036735139
134	4	0.132710422	0.166115409	0.154721157	0.114240907	0.124711117
135	1	0.003318163	0.004231939	0.003799414	0.001711842	0.001463306
135	2	0.024764068	0.025712517	0.022056437	0.011669881	0.011650171
135	3	0.062756165	0.041919682	0.063846828	0.0365547	0.036735139
135	4	0.22139075	0.143126223	0.174642336	0.119000945	0.134104422
136	1	0.003241443	0.004231939	0.003633621	0.001742686	0.001479841
136	2	0.02166856	0.027414081	0.020620204	0.011064763	0.012582184
136	3	0.063973044	0.050758169	0.059407148	0.037544064	0.035130615
136	4	0.185422505	0.152025262	0.154057117	0.118169272	0.136302856
137	1	0.003145542	0.004792461	0.003854678	0.001623506	0.001347565
137	2	0.020120805	0.02230939	0.022569378	0.010578109	0.013467597
137	3	0.050761219	0.045707605	0.056024535	0.035530236	0.034961718
137	4	0.138291701	0.149800502	0.12351131	0.115362215	0.133904565
138	1	0.002972921	0.003587339	0.003315852	0.001829746	0.001446772
138	2	0.021192328	0.022687515	0.020517616	0.010706941	0.012116178
138	3	0.0502397	0.044444964	0.053698988	0.034390413	0.038677456
138	4	0.155035539	0.124586557	0.146088646	0.116343833	0.12531069
139	1	0.003203082	0.004652331	0.0033573	0.001766602	0.001446772
139	2	0.020120805	0.021553139	0.022159025	0.011104534	0.01160357
139	3	0.057888651	0.056313789	0.056658775	0.036177124	0.037157382
139	4	0.150074402	0.163149062	0.13214382	0.118062686	0.138301431
140	1	0.003011281	0.004231939	0.003440196	0.001719867	0.001397168
140	2	0.019049283	0.024010953	0.022261614	0.011521876	0.013141393
140	3	0.059974728	0.053030922	0.054121815	0.037024283	0.038339662
140	4	0.128989569	0.145350983	0.149408842	0.118281862	0.13590314
141	1	0.003088002	0.004259965	0.00328822	0.001740523	0.001413703
141	2	0.020835154	0.022120327	0.021440909	0.011520759	0.012628785
141	3	0.04989202	0.05757643	0.056235948	0.037259347	0.038001868
141	4	0.145733407	0.13274401	0.153393078	0.123670008	0.138501289
142	1	0.003414064	0.004316017	0.003094795	0.001725771	0.001438505
142	2	0.021192328	0.025145329	0.022261614	0.011540789	0.012861789
142	3	0.055976413	0.054293563	0.057081601	0.036981741	0.036819587
142	4	0.145733407	0.154250022	0.16999406	0.117443115	0.13350485
143	1	0.003337343	0.004708383	0.00388231	0.001799819	0.001562514
143	2	0.020835154	0.027225018	0.021030557	0.010935615	0.011184164
143	3	0.05875785	0.04772783	0.058561495	0.036284106	0.03665069
143	4	0.171779378	0.163149062	0.169330021	0.117909132	0.131905989
144	1	0.003375704	0.004988644	0.00328822	0.001696932	0.001669988
144	2	0.020835154	0.027603143	0.022877142	0.011246502	0.013281195
144	3	0.053716496	0.056566317	0.064903895	0.039124477	0.040619774
144	4	0.187903074	0.159441129	0.175306375	0.120830873	0.147095164
145	1	0.003241443	0.004428122	0.003592173	0.001791436	0.001504643
145	2	0.023335372	0.025334392	0.022877142	0.011684336	0.01295499
145	3	0.05841017	0.056818845	0.055178881	0.039081558	0.039944185
145	4	0.175500231	0.163149062	0.187923122	0.124660139	0.150892457
146	1	0.003375704	0.004876539	0.003675069	0.00182649	0.001545979
146	2	0.022621024	0.024010953	0.023390082	0.011711253	0.013840403
146	3	0.053890336	0.061364353	0.053910401	0.038824839	0.037664073
146	4	0.162477245	0.167598582	0.162689628	0.132862013	0.142298582
147	1	0.00291538	0.004652331	0.003108611	0.001827451	0.001488108
147	2	0.021430444	0.024767204	0.019081383	0.011669881	0.013327795
147	3	0.058062491	0.059596656	0.057927255	0.040825109	0.039606391
147	4	0.171159236	0.179463968	0.152729039	0.132934874	0.140499864
148	1	0.003126362	0.004063783	0.003232956	0.001791853	0.001653454
148	2	0.024168778	0.027981269	0.024005611	0.012293764	0.012908389
148	3	0.057193292	0.067930086	0.058138668	0.040006582	0.041633157
148	4	0.186662789	0.166856995	0.156713274	0.129780606	0.154889609
149	1	0.003088002	0.00501667	0.003191507	0.001777508	0.001314496
149	2	0.020239863	0.021364077	0.022877142	0.01212309	0.01230258
149	3	0.060148568	0.053283451	0.057715841	0.039059976	0.039015251
149	4	0.181701652	0.168340169	0.171322139	0.135480359	0.143497728
150	1	0.0028962	0.004904565	0.003384932	0.001734128	0.001645186
150	2	0.020835154	0.028548456	0.02246679	0.011463334	0.013607399
150	3	0.067276	0.057828958	0.062155522	0.040035083	0.041886503
150	4	0.166198098	0.165373822	0.158041353	0.141502942	0.1506926
151	1	0.002761939	0.0051568	0.003785598	0.001805165	0.001339297
151	2	0.019763631	0.02230939	0.021851261	0.011695699	0.012395782
151	3	0.060322408	0.058586543	0.055813121	0.040483476	0.039353045
151	4	0.174880088	0.172789689	0.157377314	0.140377842	0.159886048
152	1	0.003567505	0.0045122	0.003384932	0.001791428	0.001570781
152	2	0.022025734	0.026846893	0.023082318	0.011258153	0.013747201
152	3	0.059453209	0.05757643	0.057715841	0.040896402	0.041886503
152	4	0.188523216	0.139418289	0.177298493	0.141192523	0.150492742
153	1	0.003490784	0.004736409	0.003219139	0.001770519	0.001455039
153	2	0.02166856	0.023254703	0.023595259	0.011748648	0.012861789
153	3	0.065537602	0.063384579	0.053698988	0.040789697	0.041379811
153	4	0.180461368	0.182430315	0.165345785	0.146472979	0.163483484
154	1	0.003418722	0.004231939	0.003274404	0.001859678	0.001339297
154	2	0.022173189	0.023254703	0.023903023	0.012097366	0.013933604
154	3	0.064027059	0.055556204	0.060464215	0.041536711	0.040957568
154	4	0.179343212	0.144609396	0.158041353	0.139548355	0.168280065
155	1	0.003011281	0.005072722	0.003827046	0.001833022	0.001438505
155	2	0.025002184	0.024956267	0.024621139	0.012160429	0.013327795
155	3	0.057193292	0.057323902	0.057715841	0.043878451	0.040788671
155	4	0.179221084	0.176497622	0.168001943	0.159850724	0.172277216
156	1	0.003322601	0.005857452	0.003827046	0.001907014	0.001595583
156	2	0.022885986	0.024200016	0.024621139	0.012729842	0.013654
156	3	0.069425137	0.055051148	0.060464215	0.045721596	0.047544559
156	4	0.19979278	0.181688728	0.180618689	0.166120287	0.175674795
157	1	0.003352751	0.0055477	0.003900896	0.001966253	0.001507332
157	2	0.025249826	0.025536335	0.025226078	0.013026446	0.014493045
157	3	0.067779186	0.063056488	0.056439679	0.047172543	0.046156528
157	4	0.205019226	0.177055551	0.178274265	0.173244139	0.184203307
158	1	0.003430722	0.005177854	0.004068078	0.002022528	0.001695749
158	2	0.021991784	0.026671283	0.025029766	0.012628859	0.014306639
158	3	0.073893288	0.056725516	0.065362129	0.049461497	0.04051786
158	4	0.222846985	0.172719497	0.178920186	0.175009318	0.182005653
159	1	0.003879055	0.005234753	0.004207395	0.002007678	0.001490948
159	2	0.02234086	0.029319496	0.024538986	0.013920333	0.012768792
159	3	0.072146402	0.064829161	0.067644616	0.051332895	0.043981613
159	4	0.232949382	0.204517228	0.200881509	0.178721482	0.187200107
160	1	0.003118838	0.004950256	0.00392876	0.0019818	0.001368068
160	2	0.022922653	0.024023071	0.022674023	0.012077571	0.015238668
160	3	0.071797025	0.068627744	0.064117136	0.04857232	0.045914871
160	4	0.218092916	0.207407931	0.173752816	0.174395493	0.170617813
161	1	0.003419514	0.005064055	0.004304918	0.001998755	0.0015401
161	2	0.022278525	0.030454444	0.026403949	0.012591502	0.014819255
161	3	0.07331432	0.072426328	0.069512105	0.04643852	0.039792888
161	4	0.210615869	0.20596258	0.181503871	0.168296764	0.16961888
162	1	0.003606157	0.004722658	0.00345508	0.001897758	0.001490948
162	2	0.026995205	0.03177855	0.025520545	0.011439207	0.015658081
162	3	0.066731055	0.074958717	0.0703421	0.044493713	0.042934432
162	4	0.209179037	0.232701581	0.197005981	0.149882762	0.184403094
163	1	0.004171446	0.005433901	0.003399352	0.001742548	0.001572868
163	2	0.021875425	0.030454444	0.024048206	0.010908532	0.014493045
163	3	0.073369222	0.072426328	0.071172096	0.040933088	0.047767576
163	4	0.196105347	0.221861445	0.19119269	0.15305888	0.18400352
164	1	0.003294273	0.004751107	0.004068078	0.001887628	0.00162202
164	2	0.021991784	0.031211076	0.028170756	0.012111654	0.014586248
164	3	0.076338929	0.078757301	0.074284578	0.041249469	0.048250891
164	4	0.19907664	0.23125623	0.222842831	0.14415936	0.200386027
165	1	0.003820577	0.005519251	0.004318849	0.001804386	0.001736709
165	2	0.023271729	0.026860441	0.029741251	0.011365445	0.016077494
165	3	0.075290797	0.0696407	0.078849552	0.039930326	0.047687024
165	4	0.233543641	0.253659177	0.228010201	0.13727798	0.206579414
166	1	0.004210432	0.005092504	0.004472099	0.001960718	0.001712133
166	2	0.02490075	0.027617073	0.02758182	0.010826595	0.014539647
166	3	0.077212372	0.069134222	0.079887046	0.039540024	0.049781387
166	4	0.233543641	0.220416094	0.233823492	0.133977341	0.21037536
167	1	0.003508693	0.004751107	0.003803374	0.001922558	0.001662981
167	2	0.025366184	0.026860441	0.025324234	0.011611689	0.016030892
167	3	0.0737186	0.068121267	0.068059613	0.036746957	0.046156528
167	4	0.202047933	0.200181174	0.193776375	0.126557582	0.19239456
168	1	0.003645142	0.004551959	0.003719783	0.00182099	0.001703941
168	2	0.02234086	0.025158019	0.022575867	0.010689168	0.015704682
168	3	0.061315707	0.065588878	0.06515463	0.037460397	0.043981613
168	4	0.19907664	0.179946254	0.186671241	0.116455238	0.178809067
169	1	0.003099346	0.004950256	0.004137736	0.001897858	0.001531908
169	2	0.021991784	0.023833913	0.025520545	0.011376837	0.015052262
169	3	0.062538528	0.064575922	0.063702138	0.035925437	0.043498299
169	4	0.205019226	0.171996821	0.163418076	0.117649087	0.178409493
170	1	0.003528186	0.005007155	0.003273967	0.001914609	0.001597444
170	2	0.024086239	0.028562863	0.024048206	0.011026753	0.014679451
170	3	0.06480948	0.060524099	0.059759661	0.036329632	0.045673214
170	4	0.181248881	0.208853282	0.180212029	0.118047345	0.180207573
171	1	0.003450215	0.004950256	0.003246103	0.001844742	0.001474564
171	2	0.021060915	0.026860441	0.024146362	0.01058923	0.014027031
171	3	0.061665085	0.057738471	0.064324635	0.038570845	0.039551231
171	4	0.173523519	0.175610199	0.175044659	0.120994803	0.160428693
172	1	0.002982389	0.004665758	0.003023195	0.00183217	0.001253379
172	2	0.019664611	0.029319496	0.022968491	0.011126675	0.012302778
172	3	0.057821935	0.05799171	0.050422214	0.037985198	0.038906812
172	4	0.169957967	0.170551469	0.155667021	0.120438039	0.156033387
173	1	0.003801084	0.004409711	0.00306499	0.00172596	0.001613828
173	2	0.022457218	0.024779703	0.020220125	0.01032673	0.013281408
173	3	0.057297869	0.053180171	0.052704701	0.037723075	0.037054106
173	4	0.182437399	0.145257819	0.144040439	0.120676644	0.1378528
174	1	0.003157824	0.004267462	0.003329694	0.001843353	0.001482756
174	2	0.017570155	0.024779703	0.023459271	0.010651664	0.014493045
174	3	0.053454719	0.056978755	0.053327197	0.03630931	0.034637534
174	4	0.152724467	0.165492739	0.14468636	0.12107523	0.1468432
175	1	0.003469708	0.004864906	0.003329694	0.001781867	0.001425412
175	2	0.020362763	0.026103809	0.020907216	0.010239085	0.013001799
175	3	0.051183767	0.05343341	0.054157192	0.036996077	0.036409687
175	4	0.166986674	0.183559632	0.147915966	0.120597236	0.132258773
176	1	0.00304547	0.005035605	0.003566534	0.001809597	0.001409028
176	2	0.021437945	0.021942332	0.022477711	0.011163139	0.012582386
176	3	0.056309641	0.047862154	0.053534696	0.035845117	0.030771019
176	4	0.149858115	0.174164848	0.162126234	0.116553686	0.130860267
177	1	0.003118838	0.004779557	0.003761579	0.001777449	0.001310724
177	2	0.017570155	0.025914651	0.021692464	0.010038068	0.012535785
177	3	0.057996623	0.050901021	0.052704701	0.036693321	0.032784829
177	4	0.167580933	0.143812468	0.149207809	0.110979422	0.122469227
178	1	0.003567171	0.00443816	0.003204308	0.001750702	0.001253379
178	2	0.021991784	0.027427915	0.022575867	0.010649256	0.012069771
178	3	0.052231899	0.052167215	0.058514668	0.035394184	0.033348696
178	4	0.163421123	0.156820631	0.153083336	0.123371739	0.1288624
179	1	0.003021375	0.003897615	0.003092853	0.00178906	0.001343492
179	2	0.019199176	0.021374858	0.019631189	0.010790603	0.011650358
179	3	0.058695378	0.047608915	0.057062176	0.035548576	0.033912563
179	4	0.152130209	0.131526981	0.141456754	0.120072911	0.134656213
180	1	0.003352751	0.004096763	0.003441148	0.0016515	0.001261571
180	2	0.020130045	0.025158019	0.019729345	0.010899239	0.010997938
180	3	0.049960947	0.05115426	0.058722166	0.034485606	0.031012676
180	4	0.158667054	0.148148522	0.136935305	0.112938106	0.131459627
181	1	0.002884925	0.005092504	0.003232171	0.001696632	0.001220611
181	2	0.018151949	0.020996542	0.018551473	0.010451916	0.013607618
181	3	0.047864683	0.050141304	0.051874705	0.03410848	0.032543172
181	4	0.157478536	0.123577548	0.136935305	0.115738333	0.129261973
182	1	0.002767969	0.004637308	0.003315762	0.001633336	0.00141722
182	2	0.018966459	0.021564016	0.020514592	0.010486768	0.013001799
182	3	0.056075049	0.051407499	0.053949694	0.034647131	0.037537421
182	4	0.152130209	0.119241493	0.135643462	0.114610673	0.141249173
						
						
						
						
						
						
						
						
						
						
						
						
						
						
						
						
						
						
						
						
						
						
						
						
						
						
						
						
						
						
						
						
						
						
						
						
						
						
						
						
						
						
						
						
						
						
						
						
						
						
						
						
						
						
						
						
						
						
						
						
						
						
						
						
						
						
						
						
						
						
						
						
						
						
						
						
						
						
						
						
						
						
						
						
						
						
						
						
						
						
						
						
						
						
						
						
						
						
						
						
						
						
						
						
						
						
						
						
						
						
						
						
						
						
						
						
						
						
						
						
						
						
						
						
						
						
						
						
						
						
						
						
						
						
						
						
						
						
						
						
						
						
						
						
						
						
						
						
						
						
						
						
						
						
						
						
						
						
						
						
						
						
						
						
						
						
						
						
						
						
						
						
						
						
						
						
						
						
						
						
						
						
						
						
						
						
						
						
						
						
						
						
						
						
						
						
						
						
						
						
						
						
						
						
						
						
						
						
						
						
						
						
						
						
						
						
						
						
						
						
						
						
						
						
						
						
						
						
						
						
						
						
						
						
						
						
						
						
						
						
						
						
						
						
						
						
						
						
						
						
						
						
						
						
						
						
						
						
						
						
						
						
						
						
						
						
						
						
						
						
						
						
						
						
						
						
						
						
						
						
						
						
						
						
						
						
						
						
						
						
						
						
						
						
						
						
						
						
						
						
						
						
						
						
						
						
						
						
						
						
						
						
