Year	Age	Australia	Canada	EnglandandWales	France	Italy	Netherlands	NewZealand	Portugal	Spain	USA
1	1	581.9817252	0.002274885	0.002584018	0.002670131	0.002137087	0.00198083	558.5475683	0.00287554	0.002078959	0.003518998
1	2	92.58462023	0.016736084	0.022024648	0.013662689	0.016461455	0.01612099	70.77662518	0.019010914	0.015767764	0.020285492
1	3	29.30273921	0.04687888	0.070241057	0.043736226	0.052143204	0.05106053	25.14779865	0.06736236	0.052667797	0.055697841
1	4	8.027811514	0.180858816	0.279909684	0.157866155	0.194443328	0.225245457	7.774876164	0.224665208	0.192118966	0.191408012
2	1	601.2439054	0.002196334	0.002387074	0.002518297	0.002193538	0.001957361	499.0833598	0.002896321	0.002028293	0.003484628
2	2	88.14563159	0.016750659	0.019441112	0.013501837	0.016086606	0.014728184	67.7112022	0.019622029	0.01636163	0.019982497
2	3	29.59534859	0.047154528	0.065345232	0.042112476	0.051175778	0.052327404	24.48895538	0.066255099	0.053362165	0.054933774
2	4	8.005917483	0.178027367	0.257098579	0.156029706	0.188451033	0.222866627	7.502819133	0.244888916	0.202842805	0.190192269
3	1	611.1439579	0.002180845	0.002381487	0.002606868	0.002146495	0.002131035	578.957555	0.003203822	0.002038427	0.003350904
3	2	89.16347953	0.016660378	0.018629143	0.01340834	0.015472492	0.016091356	93.32452542	0.018466319	0.015876841	0.019069726
3	3	28.53691796	0.046871259	0.061805894	0.040824041	0.048697426	0.046654012	27.70969323	0.068266353	0.052181739	0.053462098
3	4	8.124086006	0.16953302	0.233605415	0.152065281	0.182831591	0.221677212	7.438704169	0.223854091	0.201893092	0.180376932
4	1	599.2624769	0.002167287	0.002370313	0.002596584	0.002057786	0.001868176	573.4171076	0.002772539	0.002144823	0.00327653
4	2	94.85942662	0.015644168	0.017245106	0.014521485	0.016110533	0.014965257	84.69366955	0.018706142	0.016349511	0.019149262
4	3	31.1975028	0.043950992	0.057455782	0.043732624	0.049980082	0.04957333	24.67786808	0.063931982	0.0547509	0.051768354
4	4	8.184488133	0.155729705	0.21079431	0.160279333	0.187465633	0.223015304	6.494487999	0.212942964	0.208818081	0.174655788
5	1	581.5077499	0.002133143	0.002187336	0.002704561	0.002192194	0.002013688	538.8661708	0.002664718	0.002063759	0.003393957
5	2	83.02749814	0.016427231	0.016368549	0.014698576	0.016046729	0.015202331	71.77274562	0.017411101	0.015985919	0.019082982
5	3	28.4977189	0.046101408	0.053401914	0.044914236	0.052512783	0.049738574	25.56762498	0.060478029	0.053587834	0.051629091
5	4	7.75220883	0.152898256	0.196205813	0.173179608	0.18951633	0.209485709	7.734887739	0.221390288	0.200231095	0.171464463
6	1	577.9830191	0.002193165	0.002225049	0.00270199	0.002033592	0.001910422	455.6613589	0.002834151	0.002070514	0.003292326
6	2	86.56454402	0.015561489	0.016589995	0.015002161	0.015911145	0.016535868	73.19108513	0.017698888	0.015731404	0.019592392
6	3	29.51115129	0.043653256	0.052980935	0.046874932	0.051382307	0.048636945	26.14583537	0.064541503	0.056955518	0.051075801
6	4	8.419224886	0.153960049	0.187528499	0.186580098	0.192525794	0.213499984	7.963439979	0.225085993	0.199914524	0.166056194
7	1	571.314419	0.002201082	0.002134259	0.002678852	0.001958324	0.002070015	558.0511766	0.00235022	0.002136379	0.003337797
7	2	92.36312592	0.015034694	0.015814934	0.014926265	0.015655929	0.015676477	77.57931639	0.017275474	0.015416292	0.018899291
7	3	29.3857498	0.042076999	0.051593265	0.045823168	0.049686593	0.051005448	26.54384373	0.059486015	0.052424768	0.051380675
7	4	8.347402114	0.1511286	0.182526729	0.180709156	0.189596227	0.219149705	8.048037381	0.19838974	0.198569098	0.166270737
8	1	593.2960333	0.002150215	0.002183146	0.002451695	0.001990582	0.001849401	579.1864196	0.002587703	0.001986073	0.003272887
8	2	90.62860712	0.015331829	0.016137876	0.01373927	0.015592125	0.015113428	64.55395066	0.018130568	0.015149658	0.019073513
8	3	27.55157949	0.043028463	0.052310488	0.043985833	0.047990879	0.048967434	23.7437269	0.060545754	0.050567334	0.050537566
8	4	8.230382459	0.149358944	0.179268	0.173336516	0.176972458	0.206958202	7.592493604	0.190592752	0.187686973	0.166020437
9	1	589.8964053	0.002200514	0.002117498	0.002415589	0.001923378	0.002037157	696.2963809	0.002464479	0.001925274	0.003395338
9	2	85.22690206	0.015512705	0.017069794	0.01373021	0.01465899	0.015113428	76.42491978	0.015780309	0.013986164	0.019247735
9	3	27.99775892	0.04344271	0.051125511	0.041256108	0.047153892	0.048967434	25.50337027	0.051267489	0.047355883	0.049592834
9	4	7.940946105	0.147235357	0.180328981	0.162500138	0.174868496	0.203835987	7.186004254	0.18161747	0.174390995	0.164903026
10	1	591.9166361	0.002108057	0.00209515	0.002488741	0.001932786	0.00198083	484.4823457	0.002218522	0.001862787	0.003356807
10	2	86.17809517	0.015263725	0.01591643	0.013113886	0.015193349	0.015735746	78.42865705	0.015737973	0.01414372	0.018795137
10	3	29.09725015	0.043006375	0.048677598	0.040177743	0.045469048	0.046874338	27.31563669	0.049051483	0.044474257	0.048813711
10	4	8.484112939	0.142634252	0.172295835	0.147657679	0.167411418	0.187927563	8.126364801	0.170097252	0.156979596	0.162695022
11	1	603.507895	0.002069858	0.002173368	0.002452615	0.001872303	0.002187362	479.9143457	0.002433673	0.00178679	0.003310202
11	2	90.62860712	0.015128461	0.014956831	0.012607212	0.014459602	0.01576538	75.40869348	0.015204736	0.013319579	0.018819755
11	3	26.59787097	0.042505326	0.047227561	0.038681558	0.044240742	0.045166812	26.51482042	0.04889713	0.042929289	0.048226546
11	4	8.064568893	0.139448872	0.162860677	0.143640611	0.163443186	0.181683134	7.877569265	0.162610991	0.148036468	0.156464339
12	1	612.0094972	0.002116071	0.002049056	0.002608153	0.001768809	0.001905728	538.5360613	0.002302747	0.00187292	0.003204591
12	2	83.20643671	0.014797432	0.015224411	0.012674676	0.014028924	0.014994891	77.27645331	0.012902441	0.013549854	0.018151273
12	3	28.22631205	0.041466673	0.047087235	0.037798595	0.044327702	0.048692026	25.35920107	0.045646351	0.043467424	0.048049644
12	4	8.057190513	0.136971354	0.162519647	0.135874119	0.157930275	0.189414331	7.213120473	0.147300216	0.143644046	0.154461939
13	1	589.1926443	0.002187971	0.001662152	0.002392773	0.001827948	0.001807156	558.2638078	0.002348956	0.001874609	0.003241405
13	2	78.15341424	0.014744532	0.012963817	0.012677684	0.013430761	0.014935623	75.48712237	0.014149517	0.012762072	0.018359582
13	3	27.73574781	0.041415651	0.041193535	0.036741012	0.043371145	0.044450752	24.46022287	0.047474914	0.041453757	0.047055981
13	4	8.269022752	0.134847767	0.142474673	0.127781892	0.153402763	0.167856185	6.978130688	0.153283737	0.147561611	0.152727717
14	1	585.8690221	0.002136755	0.00196106	0.002480895	0.001858862	0.001957361	639.3888379	0.002202628	0.001768213	0.003255247
14	2	84.29647737	0.014040661	0.014772292	0.012607212	0.013462663	0.015113428	80.21391828	0.013382086	0.012507557	0.018554635
14	3	26.70056546	0.039417914	0.045418912	0.035967746	0.04216458	0.044285508	25.24583511	0.038806171	0.04074203	0.046246748
14	4	7.437930094	0.130246662	0.155206452	0.130661355	0.155213767	0.169937661	6.85856935	0.138148948	0.1370752	0.150457138
15	1	574.2746585	0.002100042	0.002322822	0.002386072	0.001887088	0.001957361	568.7901796	0.002372061	0.001822255	0.003239162
15	2	81.969823	0.01457886	0.017060567	0.012532813	0.0136461	0.014965257	72.08162435	0.014437304	0.012713593	0.018208085
15	3	28.6156405	0.04097247	0.05181155	0.03559471	0.041903701	0.045497301	25.70973247	0.039415692	0.039040829	0.047473771
15	4	7.821056155	0.139802803	0.179419568	0.124509	0.153535925	0.168302216	7.967472497	0.129525638	0.138301912	0.150770013
16	1	565.2296533	0.002158924	0.002195717	0.002326938	0.001772841	0.001962055	495.7982092	0.002179523	0.00184421	0.003171483
16	2	89.78555031	0.01420982	0.015519673	0.012507517	0.013510516	0.013957695	73.26496674	0.012374832	0.01328322	0.018049013
16	3	27.11939785	0.040006152	0.047726499	0.035309183	0.03934926	0.045717626	25.45000004	0.038738446	0.0387978	0.046295678
16	4	7.113496955	0.131662387	0.159374594	0.124034869	0.14304275	0.16384191	7.718547538	0.122486201	0.13359292	0.145585227
17	1	571.5162735	0.002130546	0.002009947	0.002292215	0.001817196	0.001825931	553.1105851	0.0021272	0.001754702	0.003191357
17	2	84.85227832	0.014296614	0.015021419	0.012608781	0.012816647	0.01540977	74.35059206	0.012191866	0.012095487	0.017535815
17	3	25.61276464	0.040144364	0.045652789	0.034620902	0.03922969	0.040980619	24.86655047	0.040386066	0.03836382	0.04642365
17	4	7.230303145	0.127061282	0.153084489	0.120586339	0.14195082	0.150163638	7.242233721	0.120775088	0.123541794	0.145987495
18	1	586.8070075	0.002166147	0.001645391	0.002331784	0.00178225	0.001962055	442.5218791	0.0025723	0.001808745	0.003268528
18	2	79.7681542	0.014311818	0.013831147	0.012151835	0.013638124	0.014046598	70.22666469	0.013142264	0.011889451	0.017829341
18	3	25.997919	0.04011543	0.040928474	0.034708226	0.040110157	0.042357656	23.95181632	0.039889764	0.038172869	0.045407403
18	4	6.98929304	0.127415213	0.132812162	0.11812966	0.144054782	0.158192189	7.169386365	0.130053595	0.127538502	0.145871284
19	1	556.6284349	0.002064538	0.002145433	0.002352351	0.001813163	0.001825931	538.8001165	0.002433673	0.001737813	0.003265422
19	2	83.92997094	0.014017855	0.015713438	0.012269896	0.012641185	0.015202331	73.48000608	0.014437304	0.012628755	0.017655119
19	3	26.36129525	0.039461315	0.046744215	0.033033193	0.038425313	0.044010101	24.71991491	0.041853776	0.037825685	0.044699794
19	4	7.017138829	0.125291626	0.150924634	0.110968691	0.133534974	0.148379515	7.246340268	0.118086553	0.131020782	0.139497573
20	1	589.1091677	0.002087722	0.002067214	0.002390914	0.00172983	0.001732053	590.128192	0.002002389	0.001756391	0.003126066
20	2	91.92330151	0.01328009	0.015501219	0.011822951	0.011500687	0.013453914	78.06312574	0.013382086	0.01237424	0.017104048
20	3	26.32784183	0.037376388	0.045621606	0.032345002	0.037436147	0.04136619	25.38176163	0.037993476	0.036801493	0.043295869
20	4	7.09630075	0.12352197	0.145468157	0.110363168	0.129220522	0.145108624	7.175169278	0.120726342	0.121365369	0.138576826
21	1	584.3344797	0.002118003	0.001713832	0.002310236	0.001771497	0.001971442	553.9470615	0.002187225	0.001751324	0.003156077
21	2	83.92997094	0.013675737	0.01259474	0.012178674	0.012362043	0.01469855	75.15628455	0.015060842	0.011659177	0.017437342
21	3	25.48690339	0.038292072	0.038418194	0.033724981	0.03639263	0.039107849	24.19702362	0.038806171	0.034510079	0.043612034
21	4	7.260106538	0.121398384	0.116783761	0.111555708	0.122216194	0.151799083	6.856962516	0.135861131	0.123937508	0.138719855
22	1	540.1737377	0.002093833	0.002121688	0.002381916	0.001908593	0.001778992	465.5091106	0.001886867	0.001834077	0.00316348
22	2	77.99552855	0.013005131	0.015611942	0.012834901	0.012856524	0.014224403	73.56199077	0.012614655	0.011295585	0.016854077
22	3	26.76947014	0.036686106	0.04513826	0.034266744	0.039534049	0.039768827	23.44078677	0.041244255	0.038103433	0.043318452
22	4	7.022734634	0.111488311	0.150356251	0.113680381	0.141977453	0.148379515	6.541214654	0.127237821	0.125203791	0.135832465
23	1	575.0590206	0.002137006	0.002036485	0.002360063	0.001819884	0.001652256	491.6194849	0.002302747	0.001788479	0.003219098
23	2	76.9079415	0.013427386	0.014633889	0.012227731	0.012824622	0.01540977	70.02340639	0.013525979	0.012180325	0.017338869
23	3	25.86825356	0.037551155	0.043360795	0.033163041	0.037436147	0.044395671	23.07372261	0.037790303	0.036055048	0.043871742
23	4	6.869351974	0.110426518	0.138685453	0.112521989	0.132736002	0.147487454	6.738378719	0.114918806	0.120376085	0.13614534
24	1	552.6110611	0.002158705	0.002014137	0.002316359	0.00169354	0.001727359	533.4151852	0.00231815	0.001683771	0.003224031
24	2	82.67191999	0.012960148	0.014172543	0.012000042	0.012290263	0.014076232	64.21701721	0.013861731	0.011889451	0.016990425
24	3	26.32784183	0.036468326	0.041349453	0.031591887	0.036240451	0.040925538	22.12610107	0.037180782	0.035950892	0.042460288
24	4	7.017138829	0.110072587	0.136487705	0.109204776	0.117928374	0.142581117	6.530981856	0.123014159	0.115310951	0.135170958
25	1	605.6783761	0.002061844	0.002001566	0.002399912	0.001672035	0.001802462	483.6294363	0.001909971	0.001651683	0.003206799
25	2	75.5533985	0.013043457	0.014513939	0.012244597	0.012641185	0.013513183	77.30388856	0.012854477	0.011671296	0.01722714
25	3	24.5809708	0.03646148	0.041817207	0.032578727	0.036142621	0.040319642	23.57887822	0.038670722	0.035707864	0.042576968
25	4	6.907066063	0.115381554	0.129780786	0.111995447	0.122935269	0.142283764	6.433214446	0.111399088	0.12342308	0.134241272
26	1	553.3075198	0.002088071	0.001889825	0.002529887	0.001849454	0.002074708	503.7366279	0.001909971	0.00203336	0.003207263
26	2	77.83827951	0.012591108	0.014901469	0.013105527	0.013167569	0.015795014	65.90392197	0.01213501	0.012871149	0.017037768
26	3	25.73987514	0.035502008	0.039915007	0.036853727	0.039784058	0.041200945	22.15969211	0.038602997	0.040811467	0.043246938
26	4	6.547590506	0.115027623	0.136525598	0.124673395	0.135745465	0.165774709	6.468406159	0.108583313	0.139766053	0.134849143
27	1	545.098762	0.002093042	0.001987599	0.002475753	0.001896496	0.001821237	491.5095379	0.002241135	0.001910075	0.003211113
27	2	73.25955718	0.012749493	0.014283266	0.013425205	0.013685977	0.012446353	66.99463802	0.013046335	0.013198382	0.017113517
27	3	25.30041385	0.035807365	0.040039741	0.032357987	0.043523325	0.043349123	21.34618815	0.039618866	0.041644708	0.042467816
27	4	6.167023271	0.114673692	0.128568236	0.111495233	0.162484419	0.145852009	6.075167505	0.114566834	0.147838611	0.133687036
28	1	525.8602545	0.00206533	0.001949886	0.002375643	0.001981173	0.002055933	539.3951885	0.002248837	0.001908386	0.003177796
28	2	83.20643671	0.012851177	0.013268305	0.012076814	0.013893341	0.013157573	69.38308115	0.013909695	0.012895389	0.017287738
28	3	23.49528806	0.036068934	0.038761214	0.032776408	0.043914644	0.03949342	20.85928026	0.036435812	0.041071855	0.043416313
28	4	6.290363736	0.111488311	0.129022942	0.112983851	0.15974128	0.141391702	5.59097247	0.114390849	0.14257562	0.13464354
29	1	558.8943653	0.002071344	0.001933125	0.002334355	0.00206585	0.001924503	548.4619384	0.00226424	0.001839144	0.003128692
29	2	77.21557327	0.012892989	0.014606208	0.011890414	0.014052851	0.014105866	62.782262	0.013334121	0.012434839	0.016863546
29	3	24.2647244	0.035989365	0.039291335	0.030981604	0.047164762	0.039548501	19.6939104	0.037316231	0.039301217	0.042494163
29	4	6.136940231	0.109010793	0.122505484	0.110942364	0.183284342	0.139012873	5.398703048	0.109111271	0.135096632	0.134536268
30	1	553.4445909	0.002212737	0.001931728	0.002221236	0.001806443	0.001807156	539.3951885	0.002410568	0.001857721	0.003181838
30	2	75.40583327	0.012791305	0.01334212	0.012160268	0.013175545	0.014461476	61.47432288	0.013382086	0.011719775	0.016854077
30	3	24.40745807	0.035727796	0.038870356	0.032409926	0.039110121	0.040484886	19.07967026	0.038535273	0.036245999	0.04265601
30	4	6.027727057	0.118213003	0.122126562	0.104307937	0.142803058	0.129794907	5.283660847	0.109463243	0.126826217	0.132471293
31	1	541.5901726	0.00203584	0.001898206	0.002407625	0.001901873	0.001844707	452.4086222	0.002610807	0.001847588	0.003190259
31	2	75.85026844	0.01259934	0.013572793	0.012067506	0.013845488	0.016209893	60.61704738	0.013861731	0.011986409	0.016793478
31	3	22.92413189	0.035182959	0.040164476	0.033292888	0.041740651	0.038171464	19.98098949	0.035758566	0.036489027	0.041794082
31	4	6.294860065	0.111488311	0.128037745	0.119182743	0.148129543	0.133660505	5.712602856	0.114566834	0.119742943	0.130683436
32	1	550.4759733	0.001988138	0.002032295	0.002277795	0.001775529	0.001750829	491.2897915	0.002148717	0.00187292	0.003151917
32	2	76.75504301	0.012568932	0.014052593	0.012404822	0.012832598	0.013365012	66.09792884	0.011559436	0.01196217	0.016632513
32	3	23.49528806	0.035240827	0.040180068	0.031215329	0.038349223	0.039989153	19.66225794	0.038873896	0.036159203	0.041771499
32	4	5.863188569	0.112904036	0.133570006	0.110837055	0.138941356	0.143473179	5.292135649	0.111927046	0.114440381	0.131461154
33	1	528.6792836	0.002123546	0.002035089	0.002254658	0.001619616	0.001671032	563.2973081	0.002404712	0.001692215	0.003168904
33	2	74.67656989	0.012960148	0.014237131	0.011890414	0.012066949	0.014165135	64.38792331	0.012335756	0.011598578	0.017092686
33	3	22.11763258	0.036468326	0.041396228	0.031345176	0.035077365	0.038887523	21.0517484	0.037201698	0.034857263	0.042927009
33	4	5.970514733	0.112196174	0.128037745	0.110363168	0.123174961	0.144067886	6.004370396	0.116901319	0.112343098	0.129852082
34	1	543.3671571	0.002047369	0.001975028	0.002308646	0.001725798	0.001962055	520.5245796	0.002210329	0.001876298	0.003156277
34	2	79.93330566	0.012919281	0.014117181	0.012033774	0.012346092	0.01377989	71.19316949	0.011847223	0.011683416	0.016980956
34	3	24.12365042	0.036091021	0.040866107	0.032461865	0.03657742	0.038612116	21.07821276	0.035487668	0.035291243	0.042302205
34	4	6.171344941	0.113257967	0.128568236	0.113101185	0.129673273	0.138864196	5.746467052	0.115270778	0.112659669	0.133195375
35	1	516.1221863	0.002133395	0.001683103	0.002316359	0.001821228	0.001807156	563.5139567	0.002304445	0.001834077	0.003230333
35	2	74.38879891	0.013095727	0.012161075	0.011713323	0.012944255	0.014076232	70.22666469	0.012576132	0.010713838	0.017047236
35	3	23.6560312	0.036817084	0.036017057	0.031072497	0.036707859	0.038336708	21.20868307	0.037134388	0.034162895	0.042050026
35	4	6.0112691	0.112196174	0.113108218	0.110020915	0.131883764	0.140945672	5.688297424	0.121124438	0.106130395	0.132703715
36	1	568.7714836	0.002058898	0.002032295	0.002284223	0.001764777	0.001994912	508.4186686	0.002202628	0.001817189	0.003158821
36	2	74.96657599	0.012663014	0.01418177	0.012067506	0.012114802	0.014105866	61.97646233	0.01438934	0.011331944	0.017300994
36	3	24.75696821	0.035516863	0.040086517	0.033150056	0.034979535	0.040319642	21.35156735	0.039144794	0.033468528	0.042614607
36	4	6.081843391	0.115381554	0.137283442	0.11404896	0.12096447	0.142283764	6.302201316	0.11474282	0.108465105	0.133231132
37	1	541.4330337	0.002191485	0.001934521	0.002347508	0.001775529	0.001905728	452.0829061	0.002283229	0.00174288	0.003145176
37	2	80.60080717	0.013513866	0.014292493	0.012212389	0.013000083	0.013394646	66.79533944	0.012008314	0.010822915	0.017562327
37	3	24.8459154	0.037841657	0.040959658	0.033335413	0.037577456	0.041421271	21.28926215	0.036073773	0.033103984	0.042230692
37	4	6.245751227	0.11113438	0.131789073	0.11600516	0.130898364	0.150163638	5.951438269	0.107793118	0.110799815	0.134321725
38	1	566.6663223	0.002163899	0.002026708	0.002281652	0.001751336	0.0020043	520.7095705	0.002458676	0.001780034	0.003159203
38	2	80.93875605	0.01340458	0.014126408	0.012674676	0.012178606	0.014580013	68.06462341	0.01252709	0.011792493	0.017268801
38	3	26.46216755	0.037594556	0.043516713	0.033176026	0.035642603	0.041641597	21.81181228	0.038760317	0.035378039	0.042878078
38	4	6.631407553	0.116797279	0.139519082	0.118945799	0.120591616	0.148082162	6.108363991	0.122530529	0.112540955	0.136601244
39	1	565.989542	0.002177359	0.002000169	0.002332072	0.001775529	0.002145117	563.2251289	0.002379762	0.001700659	0.00313751
39	2	85.22690206	0.013543645	0.014477031	0.013612395	0.012936279	0.01505416	69.40519713	0.01299837	0.011877332	0.017295313
39	3	25.33130569	0.038088371	0.041099984	0.033880617	0.036794819	0.04434059	24.06826263	0.042598746	0.03470103	0.04330716
39	4	6.912487622	0.121044452	0.139822219	0.122429106	0.128927565	0.143175825	7.018831831	0.122310215	0.111986956	0.133195375
40	1	583.0998334	0.00202884	0.002085372	0.002320215	0.001787626	0.002027769	548.5988447	0.002194926	0.001906697	0.003264086
40	2	77.99552855	0.01403686	0.014753839	0.013442071	0.0128645	0.013868793	59.64093089	0.013094299	0.011610698	0.018073631
40	3	27.04868235	0.039425147	0.043968875	0.035409402	0.038816632	0.043569449	21.71988418	0.038399824	0.035030855	0.045328362
40	4	6.994844504	0.130954525	0.144255607	0.129002748	0.134946493	0.147636131	6.862944253	0.115974722	0.117764375	0.138693037
41	1	547.6540212	0.002071664	0.001940109	0.00236392	0.00172983	0.001830625	458.7217175	0.002202628	0.001822255	0.003169557
41	2	81.10879545	0.014518987	0.014624662	0.013180651	0.012736892	0.015291233	76.39810476	0.013238193	0.012192444	0.017602095
41	3	27.51503894	0.040631333	0.043360795	0.03398108	0.038816632	0.040650131	25.19160945	0.03745168	0.035273884	0.043566868
41	4	7.456824073	0.128830938	0.138988591	0.126870254	0.130365716	0.156854097	7.252248041	0.121078313	0.119465944	0.138621523
42	1	560.2148111	0.00207065	0.002025311	0.002344638	0.001865583	0.002013688	538.9983279	0.002179523	0.001845899	0.003186951
42	2	83.92997094	0.014319106	0.014790746	0.013703492	0.01240192	0.015528307	69.47162973	0.013813766	0.012362121	0.017698675
42	3	28.77439578	0.040253254	0.043438754	0.036136548	0.03933839	0.045497301	24.14630553	0.040634734	0.036957726	0.0446471
42	4	7.552752342	0.128123075	0.143573547	0.131372187	0.139607167	0.154475267	7.130398266	0.123894088	0.120296942	0.142572687
43	1	603.0845397	0.002136089	0.001975028	0.002428192	0.001676067	0.00187287	608.0106968	0.002580001	0.001778346	0.003187968
43	2	81.62322756	0.013796111	0.014440123	0.012910797	0.013151618	0.014372574	71.63107728	0.014101553	0.012071247	0.017728974
43	3	27.92239483	0.038669764	0.041645697	0.035539249	0.038588363	0.04362453	23.34921159	0.038128925	0.036975085	0.044029824
43	4	7.631290495	0.130600593	0.146983845	0.128765805	0.13952727	0.168896923	6.495929423	0.121078313	0.127459359	0.141303309
44	1	577.6860905	0.002033117	0.002205494	0.002277795	0.001743271	0.002131035	538.8661708	0.002456777	0.001801989	0.00320995
44	2	88.14563159	0.013882591	0.015261319	0.013071023	0.012784745	0.014609647	75.69706586	0.012614655	0.012725712	0.018113399
44	3	26.49596342	0.038960266	0.044483404	0.033059163	0.03936013	0.043459286	23.025199	0.043411441	0.036801493	0.04561818
44	4	7.891137304	0.128123075	0.144975558	0.126896581	0.140725729	0.141391702	6.27378937	0.129701624	0.125599505	0.141821787
45	1	605.4617334	0.002125129	0.002121688	0.002398938	0.001822572	0.001825931	601.4090422	0.002341255	0.001759768	0.003225926
45	2	88.75353249	0.013705516	0.014827654	0.01230513	0.012465724	0.014728184	82.02050896	0.013573944	0.012531797	0.017806617
45	3	29.3441858	0.038538786	0.043719406	0.032698953	0.038479663	0.041641597	26.67751329	0.040567009	0.037044522	0.044805183
45	4	7.976910535	0.13272418	0.148764778	0.11792728	0.136464541	0.141243026	7.382857561	0.115974722	0.123383509	0.140346805
46	1	576.4500187	0.002173622	0.002049056	0.002248382	0.0016801	0.002018382	480.2289434	0.002202628	0.00175808	0.00317605
46	2	82.31937449	0.014258918	0.015205957	0.012489962	0.013271251	0.015083794	66.97403138	0.015060842	0.012434839	0.01814938
46	3	28.4977189	0.040064408	0.044202752	0.034074871	0.03920795	0.047039582	23.8530857	0.040499285	0.037756249	0.045877888
46	4	7.834972625	0.125645557	0.144066146	0.120039859	0.136544438	0.147784808	7.232247019	0.124598032	0.125282934	0.144566148
47	1	558.4134103	0.002075844	0.002145433	0.002312502	0.001745959	0.001943279	601.3267663	0.002112955	0.001850966	0.003169711
47	2	92.58462023	0.013957982	0.014956831	0.012784304	0.012553455	0.014283671	74.50323311	0.015079048	0.012955987	0.018041438
47	3	28.73454205	0.039120178	0.043017775	0.035500295	0.039023161	0.044671078	26.10560029	0.041763085	0.040186536	0.045004668
47	4	7.624683317	0.127061282	0.145884971	0.127370469	0.139740329	0.148230838	7.816761676	0.14617377	0.133790777	0.145406441
48	1	547.2187442	0.0021925	0.002110514	0.002374203	0.001833325	0.002018382	427.5519399	0.002279643	0.001952296	0.003266221
48	2	85.60484841	0.014134743	0.015750345	0.013576998	0.013709904	0.015854282	70.56114467	0.014293411	0.013392297	0.018130442
48	3	28.11157095	0.039693949	0.046822174	0.035201646	0.040577565	0.040925538	25.03785377	0.045510902	0.040481642	0.045813902
48	4	8.443441257	0.135201698	0.153690764	0.128212936	0.150446564	0.154475267	7.695895825	0.142724582	0.137906199	0.146541731
49	1	589.3057648	0.002177457	0.002070008	0.002446188	0.001830636	0.002013688	584.9951377	0.002133314	0.001871232	0.003311801
49	2	85.03917761	0.014820238	0.015058327	0.013189084	0.013374933	0.015143062	71.03059876	0.01343005	0.012859029	0.018976934
49	3	27.11939785	0.041423272	0.045652789	0.034954936	0.041436292	0.045717626	24.95112933	0.042395572	0.039370654	0.047138786
49	4	7.814116443	0.135555629	0.157366308	0.130266449	0.148955148	0.157597481	7.282711272	0.142548596	0.14229862	0.151762274
50	1	570.5462082	0.002061495	0.002262762	0.002374203	0.001799723	0.001830625	567.5416726	0.002356658	0.002009716	0.003201229
50	2	96.76137001	0.013980159	0.016442364	0.012632511	0.013733831	0.015587575	74.57206107	0.014581198	0.013525614	0.018244065
50	3	27.51503894	0.039381359	0.04713401	0.036136548	0.040468866	0.047094663	27.069233	0.046459046	0.0409677	0.046348372
50	4	8.005917483	0.131308456	0.157972583	0.132056691	0.150499828	0.162355141	8.224381409	0.145892328	0.145741329	0.146103706
51	1	573.658727	0.00217001	0.001754339	0.002306075	0.001860206	0.001811849	487.2404082	0.002335072	0.0018307	0.003280772
51	2	87.34793356	0.013999164	0.012797732	0.013054157	0.013781684	0.013098304	85.87595873	0.015262523	0.01282267	0.018476992
51	3	30.46452182	0.039345192	0.038215501	0.035279554	0.040990624	0.041972086	26.82589143	0.04404196	0.040776749	0.04732698
51	4	8.387151648	0.127415213	0.131144905	0.130635028	0.149834018	0.1471901	7.280120692	0.144534626	0.140478337	0.147694899
52	1	585.1163619	0.002270925	0.001435876	0.002515893	0.001985206	0.0020043	563.5862099	0.002695524	0.001937096	0.003251887
52	2	88.75353249	0.014597865	0.011616687	0.013384501	0.014411749	0.014787452	69.7833376	0.016020132	0.013986164	0.018437224
52	3	28.6156405	0.040936303	0.034255184	0.037230701	0.042349369	0.048251374	24.78241364	0.049168028	0.042286998	0.046596788
52	4	7.814116443	0.131662387	0.113221895	0.13962124	0.159901074	0.16384191	7.534322984	0.161555075	0.146572327	0.148892763
53	1	633.6824936	0.002247277	0.002477482	0.00250809	0.001841752	0.00207706	514.3088013	0.002479114	0.001935185	0.003411967
53	2	83.23434925	0.014002204	0.0196591	0.012925751	0.014497405	0.015425124	76.23745763	0.014541739	0.013329225	0.018696228
53	3	29.52541525	0.038177616	0.057814481	0.038449735	0.043390408	0.046218549	27.22233788	0.047761586	0.04244821	0.04800549
53	4	8.333913795	0.133138312	0.196403996	0.13790552	0.160770736	0.191334933	8.119218207	0.164388547	0.150551137	0.158949503
54	1	597.1996366	0.002170491	0.002349505	0.002398595	0.001859292	0.002016246	554.8636588	0.002634059	0.002063746	0.00331262
54	2	89.16641868	0.015063578	0.017367493	0.013191019	0.013797969	0.014789632	82.08294914	0.013933885	0.013281493	0.0185451
54	3	27.29494214	0.041008205	0.050927004	0.038924098	0.043079173	0.044764119	27.64400861	0.052483777	0.041735233	0.048184984
54	4	8.161229094	0.139624537	0.167455561	0.140480573	0.151724483	0.186551559	7.626553349	0.153553462	0.150133466	0.16020156
55	1	567.8948406	0.00215876	0.002278561	0.002390865	0.002015807	0.001983499	527.3196495	0.002819992	0.002055288	0.003346105
55	2	94.87137912	0.014491911	0.016519418	0.013689399	0.014481509	0.015222922	94.36244567	0.017253704	0.013770748	0.01841218
55	3	29.89810632	0.039450221	0.051609546	0.038621033	0.043347479	0.04497959	30.72483861	0.049583002	0.042169975	0.047815007
55	4	7.981466339	0.135869354	0.170944219	0.142571209	0.158760458	0.183797496	8.366846146	0.16506574	0.151766177	0.157335937
56	1	619.3898985	0.002205007	0.002289689	0.002312559	0.001837704	0.002002211	565.507708	0.002858729	0.001953792	0.00335245
56	2	91.82505043	0.015033836	0.016772036	0.012878966	0.014099998	0.014962948	83.28058336	0.01664585	0.013436623	0.018450417
56	3	31.81694001	0.040917754	0.048817326	0.037399042	0.043562124	0.045248929	28.1896499	0.048503644	0.041526557	0.048829698
56	4	8.627585043	0.134503833	0.170684425	0.14031071	0.158528502	0.202496137	8.051317531	0.148305218	0.144855633	0.158103042
57	1	624.6019988	0.002113113	0.002218745	0.002414053	0.001872785	0.002044314	545.5732313	0.002417136	0.0019724	0.003378719
57	2	83.75674056	0.014373629	0.01605027	0.012403255	0.013861554	0.016927196	74.2504137	0.015056077	0.013758815	0.018255589
57	3	28.72958195	0.039234974	0.049344745	0.038397028	0.042188398	0.045356665	27.76463428	0.047491746	0.043456811	0.047617197
57	4	8.310976417	0.13177279	0.16348443	0.135661911	0.152085302	0.176839862	8.32671771	0.156770128	0.13874246	0.154690747
58	1	580.8288438	0.002201031	0.002346723	0.002487479	0.001867388	0.001978821	580.7539202	0.002417136	0.001913194	0.003433444
58	2	87.60551857	0.014474434	0.016474308	0.013255326	0.013599265	0.016696108	86.97088256	0.01617827	0.014677661	0.018801836
58	3	29.44385333	0.039631843	0.047436728	0.037593247	0.041844967	0.045195061	29.22978088	0.049785382	0.041943909	0.047745407
58	4	9.058964295	0.128358988	0.167084427	0.135355964	0.157703773	0.171766587	8.307002183	0.160663986	0.143374803	0.151490066
59	1	558.1753268	0.002347418	0.002278561	0.002460706	0.001820164	0.002011568	597.7213002	0.002727026	0.002050213	0.003429648
59	2	94.42387261	0.014774796	0.015517968	0.013104104	0.013400562	0.015627326	91.98871314	0.014588497	0.013460489	0.018869207
59	3	32.20143475	0.040382782	0.04625779	0.036397632	0.042016683	0.043686764	30.16039866	0.047356827	0.042274313	0.048320521
59	4	8.372425411	0.133479692	0.154948353	0.133656074	0.146956514	0.177854517	8.046888481	0.16404995	0.140982691	0.15585463
60	1	567.7178402	0.002350325	0.002171449	0.002466868	0.001776987	0.002142553	471.5534458	0.002370653	0.001936876	0.003356231
60	2	91.40575796	0.015186175	0.01600516	0.012644407	0.013758228	0.01559844	78.28887588	0.016786124	0.013937811	0.018586979
60	3	29.73131075	0.041362995	0.048507079	0.036657698	0.041404945	0.050851177	27.66713767	0.048368725	0.044239347	0.047565913
60	4	8.668865354	0.133479692	0.167604015	0.132169018	0.148657519	0.197712764	8.20309295	0.153214866	0.145083454	0.153756113
61	1	612.6046628	0.002377349	0.002289689	0.002509668	0.001770241	0.002151909	506.1182553	0.002641806	0.001969016	0.003478543
61	2	94.42387261	0.015320353	0.016817146	0.012927173	0.013909243	0.015800642	87.53591889	0.015149593	0.014069075	0.018938398
61	3	30.54061577	0.041843302	0.049329233	0.039112018	0.04104005	0.045626003	29.52597394	0.052416317	0.043282914	0.047858965
61	4	8.341587749	0.136893495	0.168234942	0.138321833	0.150538934	0.190175327	8.443398223	0.159140303	0.145463154	0.155828179
62	1	571.0331242	0.00235368	0.002243784	0.002433375	0.001782384	0.001955431	522.7688042	0.002612355	0.001936876	0.003511155
62	2	85.36401277	0.014900342	0.01583374	0.013512555	0.013813865	0.015627326	95.39182501	0.015344985	0.01483279	0.018983919
62	3	29.44385333	0.040584003	0.049189622	0.038357498	0.04132982	0.046003078	30.98402864	0.050211608	0.042135196	0.047976185
62	4	8.514064187	0.133138312	0.162927729	0.136860202	0.152033756	0.191769785	8.693187937	0.16342388	0.146678194	0.156066246
63	1	656.6473222	0.002270031	0.002299426	0.002507081	0.0018458	0.002184656	545.4962797	0.002556587	0.002107727	0.003482195
63	2	90.17054502	0.015189808	0.016068314	0.013907933	0.01430665	0.014789632	91.81920192	0.016458818	0.014200338	0.018301109
63	3	30.62837616	0.041355982	0.047622876	0.038822221	0.040192203	0.04643402	29.9304149	0.046142549	0.04354376	0.045968783
63	4	7.9744404	0.126993466	0.164560718	0.136740941	0.152858486	0.1743757	8.180818264	0.154399953	0.148386845	0.150599518
64	1	598.0094458	0.002330024	0.001940532	0.002459139	0.001782384	0.002006889	586.464654	0.002448125	0.001840455	0.003411196
64	2	81.53914865	0.015245658	0.01413759	0.013215134	0.01362311	0.01530958	82.51769027	0.014354707	0.013186029	0.018708974
64	3	28.65235189	0.041543897	0.042084971	0.03701347	0.040428312	0.045518268	29.43990072	0.049380623	0.040952697	0.046247182
64	4	8.380170486	0.132455551	0.143925679	0.138466423	0.146569922	0.175245404	8.811639245	0.154061357	0.142463522	0.152213085
65	1	613.8610789	0.002401757	0.002014259	0.002582805	0.001754049	0.001978821	475.0779881	0.002424884	0.001943643	0.003377729
65	2	85.9135665	0.014383842	0.015319482	0.013150827	0.014314598	0.015396238	72.86481667	0.014448223	0.013961677	0.018574233
65	3	28.69091495	0.039067378	0.046412913	0.03859468	0.040675154	0.045356665	26.1340661	0.046547308	0.041178763	0.046166593
65	4	8.273026753	0.129383128	0.151385468	0.13652876	0.149508022	0.177564615	7.907864215	0.151691182	0.140109381	0.147504645
66	1	589.5812788	0.002116782	0.002271605	0.002505658	0.001816116	0.001927362	586.3312868	0.002409389	0.002002848	0.003419267
66	2	88.96827108	0.0147589	0.017511846	0.013432967	0.013146221	0.014240798	74.64321973	0.014775529	0.013305359	0.01832478
66	3	27.47081161	0.040117723	0.050228948	0.036818692	0.040578564	0.046972698	26.89932297	0.045198111	0.039022443	0.046390044
66	4	7.722902212	0.13109003	0.17513803	0.130679199	0.141106089	0.17640501	8.201648539	0.156092935	0.131604096	0.148236482
67	1	576.8990445	0.002180729	0.002257695	0.002415625	0.001778336	0.001758952	570.7947464	0.002487543	0.001831997	0.003371384
67	2	82.54788039	0.014187233	0.017385537	0.01298351	0.012971362	0.014327456	71.68434568	0.015061626	0.012302982	0.018512325
67	3	29.60743029	0.038559739	0.04911206	0.035066761	0.038271134	0.043094218	26.99494168	0.044475483	0.039613692	0.045027355
67	4	7.76260865	0.129041748	0.171352466	0.127384124	0.136028847	0.15596696	8.738574719	0.145004147	0.132515376	0.147610453
68	1	597.0564263	0.002164414	0.002241002	0.002318727	0.001706825	0.001899294	505.9527261	0.002200214	0.001789707	0.003318967
68	2	86.47024187	0.014258296	0.016384087	0.012564023	0.012947518	0.014702974	80.15177525	0.015056077	0.012112053	0.017891424
68	3	29.44385333	0.038866157	0.047855561	0.033363513	0.037777451	0.040293094	26.83883846	0.039464022	0.037926893	0.045635437
68	4	7.925603058	0.125969326	0.160478246	0.120619526	0.132420654	0.155532108	7.432434023	0.133914872	0.127123633	0.148007232
69	1	591.3159659	0.002165622	0.00226465	0.002304557	0.001721667	0.001838479	560.1554038	0.002184719	0.001820156	0.00318553
69	2	92.4612517	0.013986991	0.015283394	0.012146026	0.012756763	0.01256541	85.34306441	0.014354707	0.012171719	0.017629225
69	3	28.49913076	0.038059113	0.045404611	0.034180471	0.036350065	0.039215739	27.75023145	0.042364797	0.037109578	0.043653676
69	4	7.946459908	0.124262424	0.152090623	0.121435384	0.131956744	0.169882228	7.584428983	0.135607854	0.123516481	0.14030091
70	1	615.3721698	0.002175545	0.001979482	0.002250454	0.001809369	0.001782342	518.6781417	0.002379203	0.001818465	0.00324882
70	2	92.24820734	0.013890503	0.013442891	0.012789098	0.012391148	0.014674088	78.02326451	0.014219424	0.012171719	0.017649254
70	3	28.53728221	0.037801787	0.040068367	0.034733894	0.037745255	0.039215739	25.7125284	0.042116628	0.037179137	0.043763571
70	4	7.877360256	0.133138312	0.132086512	0.122404216	0.132162926	0.162489742	7.038291587	0.120957858	0.128566494	0.139436814
71	1	616.3980013	0.002002441	0.002204834	0.002331609	0.001698729	0.001936719	498.1203297	0.002068511	0.001757567	0.003265188
71	2	85.9135665	0.013902083	0.015951027	0.012660484	0.012987259	0.01545401	71.54386876	0.013138999	0.012708706	0.017246852
71	3	28.3098935	0.037927303	0.046443938	0.034220001	0.036403726	0.04352516	24.49655492	0.037844985	0.036257484	0.043199447
71	4	7.449806164	0.124262424	0.156544228	0.118248438	0.131338197	0.171766587	7.061386828	0.125111366	0.12142813	0.139727785
72	1	632.1824331	0.002036935	0.002054599	0.00225074	0.001700079	0.00157183	540.8923782	0.002331917	0.001774483	0.003202513
72	2	82.71843386	0.013738164	0.015211217	0.012380684	0.012478578	0.013229788	78.58085156	0.014962561	0.012147853	0.017241389
72	3	28.57553594	0.037356545	0.044287723	0.033011171	0.035233913	0.041047243	26.79989491	0.042971935	0.03697046	0.042734227
72	4	7.329259138	0.11914172	0.142997845	0.119531342	0.12373522	0.159880629	7.43729032	0.132052592	0.127313483	0.138387555
73	1	556.2876601	0.002113113	0.002101896	0.002251742	0.001718968	0.001889938	564.9707373	0.002486861	0.001810007	0.003212028
73	2	84.64211837	0.013400112	0.015166107	0.012459524	0.012407044	0.012940928	72.59607293	0.013840369	0.011944991	0.01715399
73	3	25.80792955	0.036382626	0.041836774	0.032678322	0.037616468	0.03991602	24.78997833	0.039868781	0.035840131	0.04306391
73	4	7.006159547	0.118117579	0.139806095	0.117483571	0.13182788	0.159880629	7.141633423	0.126804348	0.120023239	0.137682171
74	1	579.392202	0.002081973	0.001637281	0.002207944	0.00169738	0.00174024	545.5347528	0.002479114	0.00176095	0.003263712
74	2	82.37802878	0.013303623	0.013036897	0.012017412	0.011310201	0.014356342	72.98934108	0.014027401	0.011801794	0.017042919
74	3	26.28526487	0.036125299	0.034949296	0.030991699	0.035491486	0.042016863	25.36501873	0.040341001	0.034605464	0.041415496
74	4	6.909965137	0.118458959	0.110597866	0.11202752	0.123967175	0.147124967	7.299392614	0.128666628	0.123136781	0.133555674
75	1	516.897138	0.002001526	0.00201565	0.002370255	0.001732461	0.001712171	445.0062474	0.002269939	0.001762642	0.003249658
75	2	78.65564241	0.013026422	0.014552606	0.01273283	0.012995207	0.012825384	64.9900505	0.011970049	0.012243317	0.017272343
75	3	26.38285867	0.035625393	0.04459797	0.032124899	0.034987072	0.038784796	22.32777131	0.039329103	0.037700827	0.041968631
75	4	6.806133956	0.112314114	0.143146299	0.111058689	0.123838311	0.151473488	6.609753628	0.129851715	0.127655214	0.133379328
76	1	592.1475137	0.002001526	0.002017041	0.002278794	0.001664998	0.001969465	458.207329	0.002349168	0.001742343	0.003223865
76	2	85.36401277	0.013088853	0.014471407	0.011736068	0.012367304	0.012969814	92.76476261	0.012585755	0.011622798	0.017323326
76	3	25.83921189	0.035652726	0.041929848	0.031387001	0.034987072	0.040831772	26.3340256	0.036786912	0.035005427	0.041565685
76	4	7.474392983	0.111972734	0.131975172	0.107489309	0.120719802	0.14161684	6.667142168	0.113308113	0.119833389	0.134560846
77	1	605.9483441	0.002128536	0.002025387	0.002358661	0.001786432	0.001847835	522.5216006	0.002022028	0.001801549	0.00323062
77	2	77.43853382	0.013192606	0.013975193	0.011856644	0.012566007	0.013200902	73.75239365	0.013419547	0.012135919	0.017010145
77	3	26.15625743	0.035896026	0.041247305	0.033995996	0.036629103	0.037707441	23.94108942	0.039531482	0.034970647	0.042404545
77	4	6.785741045	0.116752058	0.134535995	0.113174821	0.131054696	0.149009326	6.520139128	0.131206101	0.117441278	0.131977377
78	1	560.1609479	0.002142575	0.002079639	0.002276217	0.001822862	0.001791699	510.1133652	0.002192467	0.001789707	0.003237936
78	2	89.96791458	0.012840026	0.014164657	0.012009373	0.0125978	0.014471886	71.7015379	0.014214433	0.012231384	0.016851733
78	3	24.64433504	0.034950158	0.039913244	0.032480671	0.035512951	0.0389464	24.19190106	0.039598942	0.036066197	0.042375239
78	4	6.631745457	0.118458959	0.131010224	0.109350486	0.127910414	0.142051692	6.810585978	0.120371016	0.12112437	0.133396962
79	1	561.7016562	0.002203483	0.002035125	0.002363814	0.001778336	0.001791699	518.4695412	0.002093236	0.001776175	0.003313221
79	2	72.92481236	0.012914037	0.014002259	0.012491678	0.012486526	0.013951938	77.44967185	0.013755661	0.012171719	0.017048382
79	3	26.09222743	0.035103007	0.03982017	0.033218568	0.036392994	0.038892532	23.91095003	0.038405295	0.035127154	0.041364212
79	4	6.498539666	0.110607213	0.129488575	0.113659236	0.127936187	0.156691714	6.419378548	0.130411743	0.130123265	0.131968559
80	1	571.7717855	0.002068696	0.001992002	0.00239473	0.001748652	0.001749596	518.8173019	0.002285433	0.001798165	0.003252115
80	2	75.53909809	0.012784859	0.014742069	0.012740868	0.011985793	0.013172016	64.7200798	0.013185757	0.01225525	0.016915462
80	3	24.19676482	0.034908799	0.041092182	0.030952169	0.037444752	0.039538945	21.37080402	0.039464022	0.03646616	0.041847747
80	4	6.661003158	0.111289973	0.133719501	0.10932499	0.128580507	0.152053291	6.038251249	0.130021013	0.123554451	0.132920828
81	1	539.3373509	0.002102428	0.001943314	0.002468156	0.0017527	0.001927362	475.1947333	0.002465474	0.001755875	0.003260406
81	2	76.1135399	0.013252089	0.01430901	0.012965943	0.012685229	0.014674088	76.06289034	0.013802537	0.012123986	0.016746125
81	3	26.61342048	0.036076927	0.040921546	0.033692931	0.036124688	0.041909127	23.42278098	0.03766189	0.035718403	0.041660926
81	4	6.540768444	0.109583072	0.135463829	0.121384393	0.125436225	0.150603784	6.008498741	0.132099982	0.123896181	0.130443166
82	1	569.9313951	0.002055572	0.001928013	0.002195062	0.001651505	0.001796377	502.1200375	0.002169225	0.001747418	0.003267621
82	2	79.91162073	0.012731957	0.01413759	0.01202545	0.011954001	0.013489762	71.33900749	0.013606579	0.011849526	0.017272343
82	3	25.25752347	0.034567316	0.040968083	0.030859932	0.036006633	0.038353854	22.85159169	0.041150519	0.035474948	0.041880715
82	4	6.339373194	0.11914172	0.136688571	0.108050212	0.12667332	0.140022382	6.350057295	0.145935044	0.122453321	0.131042743
83	1	587.3940428	0.002086712	0.002012868	0.002277505	0.001821513	0.001857191	498.0241134	0.001967797	0.001833689	0.003293536
83	2	85.36401277	0.012907456	0.013912039	0.011760183	0.012057326	0.013114244	71.35603444	0.013232515	0.011956924	0.017245031
83	3	24.81647242	0.03526359	0.040145929	0.030201094	0.034901214	0.03991602	23.50887432	0.039126723	0.035979249	0.041375201
83	4	6.370579673	0.111972734	0.130787544	0.107387327	0.124018721	0.128861178	6.376778186	0.123926278	0.124693552	0.130240368
84	1	582.3392055	0.002174337	0.002030951	0.002244013	0.001702777	0.00188526	518.5390561	0.002387631	0.00173896	0.00328216
84	2	77.28903859	0.013344945	0.014002259	0.011615492	0.012033482	0.013229788	71.4071641	0.014740138	0.012279116	0.017090261
84	3	25.04976476	0.036341267	0.039665047	0.030714987	0.034149958	0.039108003	21.42903239	0.042471018	0.035214103	0.042155451
84	4	6.290947427	0.117776199	0.13063909	0.107718769	0.118477569	0.138282974	5.572769365	0.140854539	0.119947299	0.130884031
85	1	563.9142409	0.002140898	0.001883499	0.002222114	0.001709523	0.001857191	502.3483098	0.002262192	0.001821848	0.003198959
85	2	78.19476951	0.013511813	0.01452554	0.012017412	0.012375252	0.013547534	74.90858976	0.013092241	0.012660974	0.017325147
85	3	25.59105619	0.036758455	0.040704373	0.032085369	0.036156885	0.039700548	21.42904641	0.039396562	0.032866496	0.042393555
85	4	5.863407311	0.116752058	0.127039093	0.113531759	0.126467137	0.137848122	5.325519221	0.121725402	0.117555188	0.133158895
86	1	516.6180156	0.002045942	0.001870979	0.002249165	0.001898421	0.001880582	550.1009716	0.002231203	0.001804932	0.00321482
86	2	77.5886085	0.013255721	0.014227811	0.012475601	0.012478578	0.014558544	74.15832466	0.013419547	0.011634731	0.017037457
86	3	24.73010419	0.036069914	0.041573064	0.031993131	0.035115858	0.043579028	22.56937052	0.040948139	0.034570685	0.041591327
86	4	6.243255889	0.112655494	0.135538056	0.119727181	0.125693953	0.141181988	5.831983737	0.122233296	0.120364969	0.132647492
87	1	534.0138781	0.002191576	0.001663711	0.002166722	0.001718968	0.001889938	510.247967	0.002192467	0.001754184	0.003231114
87	2	75.96911193	0.012948094	0.012766235	0.012154065	0.011882467	0.013460876	76.03988848	0.013653337	0.011933058	0.017112111
87	3	24.30712635	0.035333001	0.034639049	0.032493848	0.0340641	0.039862152	23.35130178	0.041690198	0.034379398	0.04236425
87	4	6.12920453	0.116410678	0.112082401	0.110089857	0.122730081	0.139877432	6.338505287	0.113599088	0.118276618	0.131368983
88	1	579.3297752	0.002148228	0.002008694	0.002358661	0.001643409	0.001852513	560.2771276	0.002130489	0.001838764	0.003323352
88	2	77.8905097	0.012695635	0.01409248	0.012129949	0.011675816	0.014183026	73.86172027	0.012905209	0.011491534	0.016942774
88	3	24.93257287	0.034637447	0.041247305	0.03171642	0.032926483	0.038892532	24.07816899	0.040003701	0.034935868	0.042518102
88	4	6.424797372	0.116410678	0.135872076	0.111211662	0.120616711	0.138717826	6.741648856	0.121217507	0.12112437	0.132691578
89	1	534.8132791	0.002037404	0.001996175	0.002322889	0.001669045	0.001955431	510.3152945	0.0020995	0.001730502	0.003209582
89	2	81.37341867	0.013723635	0.014281944	0.012469136	0.011588386	0.014125254	64.04930016	0.011408953	0.011288672	0.017053844
89	3	24.30712635	0.037384598	0.040766423	0.031535376	0.034869017	0.041693656	21.88895781	0.035079131	0.031301425	0.04197962
89	4	6.88371147	0.11914172	0.126408165	0.111397896	0.118709524	0.148284573	6.175786128	0.112752597	0.109885243	0.135909893
90	1	580.3092645	0.002071289	0.001941923	0.002272498	0.001644759	0.001857191	461.121766	0.002279367	0.001700053	0.003178071
90	2	86.28388359	0.013389899	0.013966171	0.012259411	0.011469164	0.014038596	71.7015379	0.013007464	0.012052388	0.017150348
90	3	25.71453535	0.036550221	0.039773633	0.031323966	0.033763597	0.038299986	23.91450774	0.037933241	0.034031604	0.041693895
90	4	6.842118047	0.117434818	0.124849403	0.115356261	0.115436378	0.129585932	6.524789989	0.117202358	0.114441646	0.137109046
91	1	583.6911925	0.00207205	0.002014259	0.002172148	0.001744604	0.001819767	531.4387472	0.002207961	0.001740651	0.003241622
91	2	81.8726421	0.013463911	0.013975193	0.012292252	0.012160652	0.014558544	71.5985081	0.014167675	0.012541643	0.016900895
91	3	24.75882672	0.03670307	0.038873917	0.033367061	0.036371529	0.038784796	23.42976959	0.038587044	0.034414177	0.042184756
91	4	6.847289716	0.125286565	0.127001979	0.119276408	0.124894996	0.149299228	6.434863236	0.11630786	0.113872096	0.138361103
92	1	594.9382775	0.002176307	0.001933577	0.002206655	0.001713571	0.00188526	493.9313816	0.002271573	0.001733885	0.00337919
92	2	77.8905097	0.014031945	0.014859356	0.012507754	0.012454733	0.014385228	76.35428166	0.013241677	0.011873392	0.017392518
92	3	26.48117989	0.038268067	0.040968083	0.033719285	0.036199814	0.040239226	23.89415906	0.037528487	0.034414177	0.043298351
92	4	6.775590348	0.126652086	0.131047337	0.121868809	0.126853729	0.148719425	6.355335618	0.121264998	0.118124738	0.138220026
93	1	567.6606591	0.002109605	0.001971136	0.002376967	0.0018458	0.002086417	536.105312	0.002300928	0.001754184	0.003293914
93	2	83.23434925	0.014369997	0.014733047	0.012766574	0.013686695	0.015627326	73.56747903	0.012390871	0.012040455	0.017627404
93	3	25.43836493	0.039241987	0.042596878	0.034264966	0.039247767	0.045841475	23.74948707	0.038924343	0.032901275	0.044507189
93	4	7.038822296	0.129383128	0.142329804	0.132224284	0.143580277	0.156691714	6.537116151	0.124264875	0.118580378	0.143854282
94	1	563.9611051	0.002057542	0.001994784	0.002335474	0.00179048	0.002048992	518.2958357	0.00215373	0.001840455	0.003239654
94	2	83.40775414	0.01416544	0.014904467	0.012588138	0.013607213	0.014240798	86.38812429	0.013793611	0.011503467	0.017447143
94	3	26.5471355	0.038601818	0.042255607	0.035050136	0.038035025	0.039969887	26.31781242	0.045130651	0.034988037	0.043858812
94	4	6.941735092	0.134162452	0.1442597	0.134489115	0.140358677	0.153502798	6.789099664	0.131544697	0.119833389	0.142126091
95	1	582.1845378	0.002210038	0.002100505	0.002350932	0.001710873	0.002091095	545.457812	0.002300928	0.001705128	0.003256142
95	2	87.22379518	0.014420848	0.01413759	0.012764983	0.012955466	0.014962948	83.94416468	0.012998725	0.012350715	0.017740295
95	3	25.28748494	0.039143803	0.043434545	0.03523461	0.037745255	0.043417425	25.29905299	0.040071161	0.035701014	0.044430263
95	4	7.127430602	0.129041748	0.140028775	0.132831903	0.138116444	0.169012524	6.555104193	0.134422766	0.129819505	0.142258351
96	1	555.2730948	0.002195237	0.002040689	0.002251742	0.001747303	0.001801055	482.7089013	0.002347411	0.001801549	0.003266174
96	2	86.84538392	0.014217658	0.015545034	0.012314833	0.012955466	0.014067482	86.8697987	0.012250597	0.011443802	0.017605554
96	3	27.29494214	0.038796746	0.043946452	0.035471791	0.036865212	0.040670168	26.63846135	0.042162417	0.035266272	0.044148201
96	4	7.235594485	0.136552114	0.150531861	0.130664779	0.13762676	0.157851319	6.838319416	0.125280664	0.12154204	0.142469966
97	1	579.451162	0.002072966	0.002165884	0.002223402	0.00169738	0.001903972	531.7675688	0.002355158	0.00183538	0.003314074
97	2	82.71843386	0.013801962	0.015418725	0.013006135	0.012748814	0.015280694	76.47146427	0.014635255	0.0129951	0.017758504
97	3	25.07923507	0.03767699	0.045823445	0.036012038	0.038271134	0.04497959	25.85917489	0.039733862	0.037318254	0.04461342
97	4	7.341138002	0.13143141	0.155059693	0.132653434	0.139662812	0.162634693	7.138148455	0.139163116	0.130768755	0.14575882
98	1	571.4607035	0.002043057	0.002197879	0.002393442	0.001864689	0.001955431	531.6944622	0.002525598	0.001840455	0.003326782
98	2	85.00153288	0.013337681	0.015364593	0.013777822	0.013575421	0.01487629	77.73541009	0.013606579	0.012350715	0.018275618
98	3	28.84621084	0.036355293	0.046412913	0.035023782	0.038356992	0.045087326	26.2407734	0.041892577	0.039822368	0.045415648
98	4	7.664098388	0.134503833	0.160775153	0.1374466	0.148734838	0.162489742	7.411783837	0.148305218	0.13942592	0.148871327
99	1	584.9036951	0.002124713	0.002100505	0.002414343	0.001712222	0.001791699	540.5521786	0.002424884	0.001798165	0.003324565
99	2	82.37802878	0.014922819	0.015481879	0.01362663	0.012542163	0.01429857	74.15832466	0.014869045	0.013042832	0.017880499
99	3	28.84621084	0.04068848	0.047498777	0.034196964	0.038700423	0.047026566	24.22241227	0.044658432	0.039613692	0.045221502
99	4	7.264606491	0.130065889	0.157323609	0.132381275	0.145745193	0.165968559	6.729601751	0.151521884	0.13870449	0.14817476
100	1	574.1756921	0.002129451	0.002136672	0.002402459	0.001855244	0.001992855	536.2911624	0.002542485	0.00191996	0.003420719
100	2	81.53914865	0.014580451	0.015806674	0.013279441	0.013026999	0.015540668	76.45190887	0.015297791	0.013126363	0.01861065
100	3	30.10925114	0.039575018	0.045932031	0.035181903	0.039033122	0.044063838	25.57575231	0.050684469	0.040065824	0.046118972
100	4	7.995555424	0.135869354	0.152758663	0.131302169	0.141930818	0.166838263	7.097887536	0.164103677	0.143906383	0.151075653
101	1	609.896305	0.002096012	0.002192315	0.002393705	0.001714921	0.002048992	565.2184431	0.002626312	0.001918269	0.0034012
101	2	90.99027724	0.013838968	0.01631191	0.014028574	0.012995207	0.015945072	73.00716503	0.015991238	0.012493911	0.018951144
101	3	29.85623222	0.037753415	0.049267183	0.035738694	0.040406848	0.046272417	25.94566843	0.047694126	0.038552921	0.046928526
101	4	8.450526394	0.133821072	0.169905044	0.141662053	0.150435843	0.170172129	7.709786124	0.164388547	0.141096601	0.154302785
102	1	555.4201874	0.002172484	0.002086594	0.002357373	0.001876833	0.001997533	536.0310079	0.002689741	0.001906427	0.003436135
102	2	85.9135665	0.015059945	0.015111974	0.013842129	0.013631058	0.015771756	71.35603444	0.016420858	0.013639485	0.019415454
102	3	28.19755266	0.041015218	0.045652809	0.037527363	0.041372749	0.04788845	24.71835675	0.051020642	0.04187435	0.047393745
102	4	8.190745294	0.141672819	0.160181339	0.14756834	0.161286192	0.181188383	7.184711368	0.180355368	0.149222186	0.157062601
103	1	558.5885887	0.002328194	0.002214572	0.00245153	0.001963186	0.001838479	555.4214603	0.002773509	0.00196225	0.003452266
103	2	86.28388359	0.015604819	0.017385537	0.015088881	0.015085567	0.015973958	83.07231576	0.017487494	0.014367401	0.019386321
103	3	28.69091495	0.042329182	0.049174109	0.039532948	0.046363236	0.047134301	28.02126831	0.058285325	0.042569938	0.048822371
103	4	7.863684284	0.148500424	0.175360711	0.162804392	0.184301304	0.177854517	7.892630909	0.203157833	0.158145141	0.159460907
104	1	591.3571171	0.002296139	0.001428621	0.002569923	0.002090017	0.002119163	486.3110849	0.002998179	0.00212126	0.003488325
104	2	75.82523104	0.015694727	0.011449012	0.014911237	0.015991655	0.016811652	73.87997289	0.019030508	0.014856657	0.01940635
104	3	29.48457788	0.04274709	0.035585302	0.045433409	0.051825941	0.048965805	25.75541508	0.067190028	0.046343498	0.049631926
104	4	8.073943222	0.152255608	0.124849403	0.179412303	0.207496825	0.198002665	7.37910728	0.237356069	0.179104593	0.164918817
105	1	593.3425834	0.002526098	0.002006721	0.002658773	0.002083331	0.002013296	538.7315873	0.003312177	0.002066051	0.003611992
105	2	85.78061773	0.015769861	0.016709273	0.015842463	0.017382241	0.015890352	96.70791124	0.018938416	0.01536472	0.019510075
105	3	28.77359695	0.042770916	0.052774002	0.046110485	0.054746846	0.048821513	30.5713687	0.067209852	0.051790008	0.04967355
105	4	8.466636199	0.158226846	0.187065768	0.195013241	0.231258276	0.230012433	8.437946194	0.2486021	0.191807795	0.168587647
106	1	594.4719945	0.002335816	0.002300725	0.002621592	0.002191626	0.001859502	572.4906004	0.002696502	0.002165803	0.003602466
106	2	86.31674659	0.016195232	0.019100121	0.015224321	0.017476795	0.016593465	72.1910107	0.01716294	0.016318473	0.020088607
106	3	29.3099889	0.043951798	0.059443412	0.047556144	0.058802564	0.051354953	25.06135506	0.060198995	0.052953828	0.05021525
106	4	8.307031746	0.16385416	0.216604385	0.199922013	0.242555158	0.234544698	7.56052311	0.219037724	0.210064772	0.175525589
107	1	635.8019164	0.002285527	0.002322914	0.002516764	0.00205355	0.001924748	582.408981	0.002891336	0.002175947	0.003495566
107	2	87.7797423	0.016109673	0.018949026	0.014719074	0.01622395	0.014793496	77.94437406	0.016070339	0.015806703	0.019198828
107	3	29.98883061	0.04354435	0.056613501	0.044639363	0.055806255	0.047343672	27.49258972	0.059187814	0.053659174	0.049758522
107	4	8.52120936	0.169481475	0.219591027	0.184328796	0.230602653	0.231712033	8.309564543	0.20711397	0.206413376	0.170385403
108	1	577.3204862	0.002311573	0.002162044	0.0024098	0.002003463	0.001999314	485.6837675	0.002650971	0.002057598	0.003389126
108	2	91.2599964	0.015667514	0.017295875	0.014719765	0.015877251	0.015355986	80.08126804	0.017716971	0.015376351	0.018973746
108	3	29.54604251	0.042396159	0.055863958	0.045171245	0.051707733	0.051777193	26.17778114	0.060827962	0.05189581	0.048653879
108	4	8.277310702	0.157895827	0.205859759	0.187253963	0.204856857	0.233978165	7.388544423	0.221379835	0.20506236	0.167217512
109	1	622.0910904	0.002202466	0.002145402	0.002397137	0.002058964	0.001868823	451.529784	0.002705741	0.002032237	0.003436795
109	2	96.13001941	0.01512509	0.017153668	0.014852819	0.014608647	0.016818461	92.8890191	0.015895579	0.015213516	0.018986055
109	3	31.26676373	0.041012668	0.053676514	0.044182531	0.049631718	0.053202254	27.92882011	0.053950849	0.050414584	0.048806121
109	4	8.544813818	0.153592587	0.197773972	0.176295606	0.1940643	0.218681772	7.503513233	0.201778927	0.1928667	0.168098936
110	1	592.2028215	0.00229187	0.002267442	0.002509544	0.001807178	0.002078541	616.1067953	0.002743262	0.001900361	0.003533469
110	2	84.38297019	0.015975831	0.017242547	0.013258313	0.014198911	0.014934118	77.43743061	0.014886688	0.013596789	0.019485457
110	3	29.38825323	0.043374434	0.053278796	0.039962772	0.044377477	0.050141013	26.93735209	0.050424242	0.045512431	0.048968985
110	4	8.262529791	0.15293055	0.186810811	0.165396523	0.170411452	0.211458475	7.931804679	0.165462501	0.174865321	0.167077881
111	1	615.2004413	0.002338663	0.002234158	0.002302626	0.001836959	0.002083202	548.071673	0.002393875	0.001946011	0.003458259
111	2	86.1372939	0.015104944	0.016096007	0.013627338	0.014332863	0.014118507	82.1574782	0.015168129	0.013468846	0.018966712
111	3	31.71729347	0.041051898	0.049592265	0.0378654	0.043660503	0.046921432	27.35751556	0.050379111	0.043890136	0.048522879
111	4	8.117573128	0.149951383	0.178943559	0.152571123	0.165393418	0.220947904	7.843851426	0.159633802	0.154454021	0.168596374
112	1	611.8464531	0.002267627	0.002196714	0.002303916	0.001793641	0.001957371	504.6486657	0.002299041	0.001832733	0.003441786
112	2	79.52406596	0.014425788	0.016140446	0.01310857	0.013403079	0.015496609	85.80658584	0.013111211	0.013492109	0.019154867
112	3	29.50643655	0.039073581	0.049163954	0.037614022	0.041349064	0.046499192	27.6362364	0.048536704	0.041368525	0.048703446
112	4	8.033015074	0.149951383	0.186191629	0.139241355	0.160148436	0.206359677	7.669656736	0.151578679	0.149634179	0.166048098
113	1	588.9363977	0.00220691	0.002088543	0.002374865	0.001801763	0.001803577	478.4170029	0.002199205	0.001868238	0.003455341
113	2	86.67790453	0.01466406	0.016202662	0.012690459	0.013466115	0.013612266	79.38482467	0.013938784	0.013457215	0.018803176
113	3	29.74567793	0.039757712	0.048062583	0.036648203	0.042387071	0.046393632	28.2518515	0.042827944	0.040292873	0.047658992
113	4	8.16052325	0.138696754	0.171149152	0.134093479	0.15399567	0.195737181	8.488265705	0.147056256	0.140250093	0.160733372
114	1	558.8733628	0.00228799	0.002157883	0.002346763	0.001811239	0.001957371	634.6966389	0.002409636	0.001765104	0.0034484
114	2	82.53394097	0.014734105	0.015607172	0.012993888	0.013702501	0.014793496	72.24656066	0.013073173	0.012608143	0.01876449
114	3	30.65710539	0.040051856	0.047205962	0.034653752	0.040557183	0.043015711	24.99561833	0.041141763	0.039834398	0.04852996
114	4	7.647961459	0.138034717	0.167834708	0.131291615	0.151524477	0.180865688	7.26466528	0.151960009	0.140797803	0.161012635
115	1	612.9561613	0.002200843	0.002127373	0.002298756	0.001807178	0.001887465	616.0045422	0.002369181	0.001805681	0.003422533
115	2	91.05942498	0.014665335	0.015304983	0.012465918	0.013032741	0.014202881	78.87228334	0.014203812	0.01227084	0.018787349
115	3	30.36110575	0.039611716	0.046119888	0.033684594	0.040814009	0.03900443	26.49068145	0.042806676	0.038935083	0.047634208
115	4	8.648629313	0.14399305	0.158801937	0.124270236	0.149708907	0.166135828	7.69428385	0.145535132	0.131085091	0.157146586
116	1	631.8389124	0.00212839	0.002113505	0.002297466	0.001725956	0.001859502	567.1510369	0.002456572	0.001875001	0.003395166
116	2	82.20642533	0.0141808	0.015456077	0.012396232	0.012772716	0.012712282	68.67144825	0.013711686	0.012747716	0.018637881
116	3	29.94802948	0.038402527	0.044972627	0.031620652	0.040171943	0.042012891	25.22452232	0.042827334	0.038441341	0.046872995
116	4	8.23312577	0.146972216	0.147656663	0.121460043	0.149028068	0.158204364	8.076101998	0.132841399	0.128310031	0.163543457
117	1	578.4808731	0.00217755	0.002092703	0.002311946	0.001767921	0.001906106	438.972075	0.002291247	0.001795537	0.00337343
117	2	88.71956823	0.014725307	0.01471838	0.012289301	0.012693921	0.014680998	81.31984217	0.013566462	0.012491832	0.018470827
117	3	29.86675938	0.039925475	0.043412353	0.033185276	0.0397546	0.042751811	27.69791599	0.039907956	0.038282638	0.046341917
117	4	8.52120936	0.134393513	0.14346808	0.120348861	0.141841435	0.154663533	7.965161934	0.134264735	0.128821226	0.155270287
118	1	591.5124498	0.002097227	0.002021976	0.002316816	0.001734079	0.00195271	557.2389196	0.002330214	0.001760032	0.003425242
118	2	78.46976963	0.014460173	0.015153888	0.012125234	0.012938187	0.013724764	74.29483438	0.013156736	0.012643036	0.018279156
118	3	29.15470419	0.039293651	0.04203564	0.032851079	0.037378955	0.04021837	25.71480229	0.04098655	0.037806529	0.045945378
118	4	8.046985535	0.133731476	0.14375946	0.118276815	0.136117345	0.1528223	7.583714129	0.141614994	0.129588019	0.150295913
119	1	602.9798876	0.002111536	0.001716876	0.002232967	0.001732725	0.001789596	508.4535514	0.002314627	0.00184964	0.003373673
119	2	95.24606521	0.013861135	0.013047453	0.012520117	0.012867271	0.014596624	74.70185997	0.013839612	0.012666299	0.018040005
119	3	28.58675541	0.037589863	0.036666459	0.031752956	0.037839102	0.041221191	27.48064443	0.040851726	0.036043165	0.045793135
119	4	7.58527325	0.13075231	0.1212868	0.120689105	0.14093365	0.157071298	8.64449095	0.133611378	0.130902522	0.151212245
120	1	625.1816863	0.0020942	0.001955408	0.002309076	0.001725956	0.001789596	445.1178976	0.00220552	0.001785393	0.003272254
120	2	85.78061773	0.014075095	0.014087339	0.012868543	0.012528451	0.013443519	73.07718415	0.01138126	0.012468569	0.01769359
120	3	28.88687883	0.038034309	0.043351165	0.032732005	0.036950911	0.04011281	26.98621337	0.039570896	0.036272403	0.043332471
120	4	7.444918234	0.127111106	0.135527983	0.116013739	0.131250608	0.151830867	8.698283928	0.114174026	0.123891843	0.146997118
121	1	578.0660336	0.002278043	0.002202261	0.002323687	0.001740847	0.00172435	485.3238942	0.002236694	0.001837805	0.003298364
121	2	88.90995357	0.013854419	0.016193774	0.012785687	0.012922427	0.014315379	75.37179314	0.013065686	0.01154971	0.017728759
121	3	28.62392935	0.03760294	0.047909615	0.033849494	0.038235043	0.03763215	25.14476113	0.037009237	0.037612559	0.043973306
121	4	7.641646049	0.12413194	0.15574245	0.122725789	0.136798184	0.165427661	7.118236641	0.126261119	0.126520847	0.145993516
122	1	600.6599976	0.002137305	0.001807019	0.002220067	0.001790934	0.001738332	547.9098601	0.002190603	0.001863166	0.00331409
122	2	90.26587879	0.014268909	0.013589616	0.01252786	0.01288303	0.013977885	79.75474628	0.013343735	0.012608143	0.017697106
122	3	27.75763136	0.038517984	0.039113948	0.033419986	0.03858818	0.040746171	24.44734864	0.043231379	0.035337819	0.043898955
122	4	7.943376279	0.126780088	0.131594357	0.12322574	0.137529456	0.157354565	6.563947697	0.12895694	0.122321743	0.140146445
123	1	605.2366318	0.00221174	0.00221613	0.002320686	0.001683992	0.001691728	481.7518864	0.002556221	0.001787084	0.003277617
123	2	85.95858582	0.013864492	0.016113782	0.01208652	0.013111536	0.014484126	80.27885902	0.01201861	0.012701192	0.017570498
123	3	26.48832932	0.037583325	0.046181076	0.033499368	0.037871206	0.041537871	25.36404275	0.03485205	0.036942481	0.04345993
123	4	7.361999495	0.12413194	0.152828653	0.117754566	0.135310425	0.158770898	6.93760589	0.119237538	0.123599731	0.13753708
124	1	607.2319966	0.001956489	0.002234158	0.002297466	0.001660979	0.001733671	593.4668061	0.002104207	0.001783702	0.003367134
124	2	83.53233541	0.013262097	0.015944912	0.012342033	0.012835753	0.014737247	67.67860806	0.012428336	0.012294102	0.017210014
124	3	28.77359695	0.035886075	0.043657102	0.033274451	0.036779693	0.03990169	24.18739806	0.035728407	0.035761027	0.043502417
124	4	7.173669275	0.122807866	0.144706444	0.116535987	0.133847882	0.16061213	7.26466528	0.122667659	0.123636245	0.139893362
125	1	555.0353342	0.002180398	0.002071901	0.002309076	0.001715127	0.001803577	508.8253052	0.002415941	0.001858093	0.003213174
125	2	79.21995863	0.013139603	0.015304983	0.012349775	0.012914548	0.013443519	73.72974662	0.013384362	0.012049849	0.017201222
125	3	28.40232473	0.035550548	0.041974452	0.03221602	0.035998513	0.041537871	22.80263865	0.038155242	0.037295154	0.042047261
125	4	7.195982399	0.118173606	0.145070668	0.117282056	0.131830582	0.156504765	6.124684478	0.122177642	0.125571484	0.13621058
126	1	585.3508996	0.002064743	0.00168914	0.002221646	0.001800409	0.001677746	497.0962278	0.001979513	0.001590961	0.00330057
126	2	89.67973672	0.012884542	0.013109669	0.012893363	0.012693921	0.014146632	74.77325079	0.012883586	0.011479923	0.016814361
126	3	26.29844883	0.034899109	0.036115773	0.031729907	0.036544269	0.03969057	22.76894429	0.036132879	0.033309951	0.042203044
126	4	6.895702955	0.117842588	0.117171062	0.106894419	0.130166309	0.151405967	6.096067692	0.119890894	0.120386503	0.137022189
127	1	586.1939052	0.002124523	0.00212876	0.002229097	0.001725956	0.001896785	504.8317036	0.00225228	0.001834423	0.003306304
127	2	87.7797423	0.01320085	0.014505071	0.012055549	0.011898089	0.013162274	77.2662785	0.013065686	0.011468292	0.017064062
127	3	27.04152539	0.035718312	0.042601622	0.029120106	0.034457554	0.035784849	23.78852579	0.038559715	0.032375368	0.042118072
127	4	6.521517523	0.123469903	0.135746518	0.106687875	0.121643215	0.150131268	6.304559563	0.10992721	0.115712717	0.137022189
128	1	593.6859145	0.002186644	0.002006721	0.002361966	0.001717834	0.001826879	421.8317548	0.002634155	0.001824279	0.003307028
128	2	84.38297019	0.013540662	0.014780596	0.011738094	0.012260547	0.013612266	70.89674057	0.013520937	0.012445307	0.016926902
128	3	27.0747868	0.036491746	0.039068058	0.031197279	0.036180431	0.036312649	22.21359893	0.039503484	0.036730877	0.0419021
128	4	6.563144231	0.108243051	0.131812892	0.106687875	0.132637502	0.151689234	6.013645261	0.120054234	0.131231147	0.133060143
129	1	593.5042433	0.002170835	0.002045551	0.002505154	0.001765213	0.001850181	512.5992654	0.002501668	0.001741434	0.003354849
129	2	82.69867937	0.012459172	0.01395402	0.013240198	0.012000523	0.0130779	65.85044634	0.014067237	0.011759071	0.017331347
129	3	26.11127125	0.033718226	0.041530845	0.032679084	0.037839102	0.03979613	20.70216895	0.042065143	0.037841797	0.041417048
129	4	6.916317911	0.113208329	0.137859021	0.11646138	0.133620936	0.140641839	5.740807502	0.143738402	0.1394833	0.133636123
130	1	593.3269518	0.002226902	0.001935993	0.002190553	0.00172731	0.001915427	496.8300664	0.002049653	0.00182597	0.003311638
130	2	75.33097885	0.013280968	0.01471838	0.011932536	0.011630185	0.012768531	73.58610802	0.013429887	0.011945169	0.017104507
130	3	25.09897567	0.035992841	0.040934269	0.029996104	0.036587073	0.04000725	22.37609367	0.035323934	0.033944762	0.041887938
130	4	6.931860199	0.113539347	0.128789828	0.101702841	0.124996977	0.147865136	5.914891885	0.113684009	0.114106103	0.130791131
131	1	555.8019561	0.002281083	0.002073288	0.002355808	0.001692114	0.001780275	454.6290923	0.002168202	0.001775249	0.003399874
131	2	71.43454891	0.012991522	0.014416192	0.012645533	0.01203992	0.0130779	68.94808769	0.01243663	0.012224316	0.017185396
131	3	24.08293399	0.035121332	0.039526962	0.032920631	0.035870099	0.041221191	21.3585197	0.036154832	0.033539188	0.040776213
131	4	6.67679175	0.111884255	0.126640902	0.113708697	0.126005627	0.148714935	5.627721654	0.115036388	0.115384091	0.133060143
132	1	553.288047	0.00210112	0.001960956	0.002291016	0.001740847	0.001756973	512.8589726	0.002260074	0.001908815	0.003262412
132	2	71.68172728	0.012768764	0.014753932	0.012194919	0.012118716	0.013556017	73.13410681	0.013247786	0.011898644	0.016784468
132	3	25.24289182	0.034550505	0.041209612	0.031620652	0.036426557	0.034940369	21.87566879	0.037413709	0.032992545	0.041123185
132	4	6.321061042	0.114532403	0.128498448	0.106762482	0.135486939	0.138658973	5.82770728	0.108457158	0.116917678	0.130415871
133	1	512.2699313	0.002092026	0.002137081	0.002260344	0.001747615	0.001775615	478.6020742	0.002400354	0.001803991	0.003244465
133	2	71.18906936	0.013027182	0.013696271	0.012196402	0.012087197	0.014737247	66.72354958	0.013748562	0.012235947	0.017086922
133	3	23.89989323	0.035195406	0.038716231	0.03173	0.035088919	0.03815995	19.14832394	0.032425215	0.033927128	0.041555128
133	4	5.93207267	0.114201384	0.12438271	0.111221734	0.125249139	0.14588227	4.794414991	0.11352067	0.11804961	0.129630443
134	1	593.1549634	0.002237702	0.002030296	0.002288436	0.001721895	0.001733671	445.1356919	0.002230569	0.001749888	0.00319074
134	2	72.18125151	0.012670582	0.013678495	0.011869722	0.011866571	0.013415394	62.85043173	0.012391236	0.011666022	0.016650825
134	3	22.66920872	0.034454663	0.037308925	0.031025284	0.035249435	0.03974335	18.248467	0.034401809	0.033891861	0.040372593
134	4	6.009112575	0.116518514	0.123399303	0.110691779	0.125299572	0.135543041	4.72515479	0.116995222	0.115530147	0.129935887
135	1	529.507446	0.002203801	0.00194154	0.002351646	0.001865387	0.001733671	467.8763017	0.00218214	0.001927413	0.003252761
135	2	77.44306237	0.012811139	0.013420745	0.011885207	0.013340042	0.013246647	54.33513802	0.01165441	0.012201053	0.016810844
135	3	23.00083769	0.034611503	0.038884496	0.031356044	0.040514378	0.03710435	17.25699411	0.034245341	0.035761027	0.041070077
135	4	5.632400101	0.11287731	0.124819779	0.114571338	0.154247833	0.134551608	4.73831082	0.115154061	0.124037898	0.131672555
136	1	538.6906211	0.002277575	0.001938767	0.002260057	0.002056257	0.001864163	408.378604	0.002150967	0.001748197	0.003292503
136	2	76.58417443	0.012945789	0.014042899	0.011776808	0.013410958	0.014034134	60.0349821	0.012200711	0.011945169	0.016962072
136	3	23.56723947	0.035066873	0.040077648	0.030337303	0.043307366	0.03879331	19.33478413	0.032560039	0.034526672	0.04061689
136	4	5.605108035	0.11519444	0.122670854	0.106215365	0.168595882	0.142624705	5.268768656	0.1153174	0.116223912	0.131925637
137	1	543.3234072	0.00211997	0.001995626	0.002213617	0.00172731	0.001794256	508.8253052	0.002143173	0.001776939	0.003250185
137	2	81.08030991	0.012585023	0.013936244	0.011412896	0.011827173	0.013415394	64.98190288	0.013657512	0.012189422	0.017002516
137	3	23.66860394	0.034047215	0.039787008	0.030059465	0.037378955	0.03810717	20.59262573	0.034312753	0.032639872	0.041165671
137	4	5.677321083	0.110891199	0.131740047	0.113352759	0.135159128	0.132710376	5.555695873	0.112540635	0.11647951	0.131480561
138	1	546.254465	0.002265646	0.001915191	0.002245867	0.001683992	0.001738332	508.8718126	0.002462701	0.001721146	0.003213023
138	2	75.60590943	0.01257495	0.013767374	0.012117491	0.01220539	0.012571659	69.7456239	0.013429887	0.011433399	0.016327269
138	3	24.87209228	0.03406683	0.040796598	0.031408965	0.033965303	0.03789605	21.67532713	0.039031599	0.03403293	0.041155049
138	4	5.653044206	0.115856477	0.135600828	0.115193063	0.124038759	0.141066739	5.80738563	0.124954406	0.120276961	0.130503141
139	1	501.399291	0.00212385	0.001675272	0.002341326	0.001631198	0.001789596	547.8289895	0.002213314	0.001760032	0.003260654
139	2	70.46265028	0.013157199	0.012869695	0.012349775	0.011677462	0.013359145	64.83830189	0.01192756	0.011386874	0.017324314
139	3	21.83710483	0.035803309	0.034861435	0.030548989	0.0358808	0.036734889	20.82961547	0.035054286	0.033891861	0.04197291
139	4	5.79826652	0.116518514	0.114657912	0.112333131	0.126989061	0.142199805	5.795634588	0.105027037	0.112389947	0.133426676
140	1	557.3357267	0.002106334	0.00202891	0.002155716	0.001713773	0.001687067	538.601293	0.002495633	0.001744816	0.003318331
140	2	72.18125151	0.013391306	0.0143362	0.011940299	0.012102956	0.014231005	64.89207782	0.011025117	0.011096096	0.017150226
140	3	23.77084413	0.036208525	0.040444771	0.029096381	0.033697775	0.03921555	21.89054404	0.039121457	0.03137025	0.041615317
140	4	6.040491753	0.121152773	0.134872379	0.106900727	0.114759177	0.132710376	6.299993866	0.104089825	0.106949368	0.134185923
141	1	538.2530498	0.002194225	0.002058033	0.002179076	0.001794995	0.0018362	427.4710769	0.002370971	0.001751579	0.003266769
141	2	77.44306237	0.013429049	0.014585062	0.012227431	0.011842932	0.014793496	71.05156336	0.012710727	0.011433399	0.017480816
141	3	25.12762747	0.036422057	0.040200022	0.032576692	0.035763088	0.03990169	22.93400926	0.034197087	0.032216665	0.042298638
141	4	5.495269219	0.118173606	0.132359229	0.113708608	0.115238286	0.142907971	6.292903253	0.11470959	0.106255603	0.138968303
142	1	582.2935992	0.002068443	0.002012268	0.002310366	0.001730017	0.002013296	520.8043941	0.002302178	0.001841186	0.003277755
142	2	75.88285415	0.013061567	0.014345088	0.012767887	0.012662403	0.014427877	70.0519039	0.012765241	0.012340627	0.01715726
142	3	24.18879304	0.035415476	0.040123538	0.034438726	0.034896299	0.04000725	22.90422994	0.036511963	0.033168881	0.042160558
142	4	5.82747693	0.123800921	0.137531219	0.123549036	0.120760646	0.141774905	6.518581745	0.108711712	0.112645545	0.136332758
143	1	573.0551409	0.0021464	0.001945701	0.002345196	0.00173814	0.001812898	552.6995711	0.002431528	0.001913887	0.003265938
143	2	80.92194993	0.013418976	0.014985018	0.012814344	0.012276306	0.01394976	75.46872784	0.013475412	0.011991693	0.017241666
143	3	24.78806494	0.036441672	0.041270799	0.033591981	0.037282645	0.041326751	23.91280257	0.039638308	0.035884462	0.041948127
143	4	6.75970297	0.12181481	0.139498032	0.128547699	0.128451604	0.140075306	6.576630751	0.122014303	0.116881164	0.137720346
144	1	576.4951763	0.00228799	0.002017815	0.002327283	0.001831544	0.001892125	489.2285444	0.002322421	0.001834423	0.003317842
144	2	81.39889659	0.013420251	0.014905027	0.012915824	0.01237874	0.013106025	75.46872784	0.013111211	0.012363889	0.017208256
144	3	26.90929299	0.036295676	0.040949566	0.032615541	0.035945007	0.04021837	24.60504059	0.042402204	0.034315068	0.043229796
144	4	6.662371033	0.122145829	0.141355577	0.123389323	0.132208826	0.140500206	6.949102497	0.12430105	0.12155495	0.139806093
145	1	566.7919554	0.002201613	0.001983145	0.002359386	0.001755738	0.001864163	512.9062204	0.002339658	0.001753269	0.00326869
145	2	80.29464799	0.013736558	0.014913915	0.012814344	0.013095777	0.015102865	67.62985821	0.012846728	0.012108004	0.017259251
145	3	27.79267887	0.037114879	0.043534727	0.032851079	0.037903309	0.04048227	24.17943922	0.03756973	0.035478889	0.042925311
145	4	7.129455597	0.12413194	0.142994588	0.125613161	0.137958132	0.147723502	7.302389917	0.119773325	0.115712717	0.137685439
146	1	568.14557	0.002115416	0.002021976	0.002320686	0.001782811	0.001775615	534.4619553	0.002299041	0.001817516	0.003265911
146	2	84.21146009	0.013484855	0.015384974	0.012535603	0.012276306	0.014680998	76.30107774	0.014431437	0.01288729	0.01762501
146	3	29.03931618	0.036456901	0.043381759	0.03254678	0.0378177	0.03953223	24.67337492	0.040649489	0.034914612	0.043300607
146	4	7.397308845	0.129759254	0.143103856	0.121808208	0.137327726	0.147440236	6.96063727	0.127731171	0.119473654	0.140512977
147	1	579.5588763	0.002149234	0.001990079	0.002136218	0.001803117	0.001803577	547.8289895	0.002306834	0.001760032	0.003215337
147	2	84.21146009	0.013803246	0.014736156	0.012945972	0.012890909	0.013584142	72.99764112	0.013611987	0.012480201	0.017639077
147	3	28.66120009	0.037415561	0.042295685	0.03323476	0.036908106	0.04000725	23.8970629	0.036874412	0.033909494	0.044515006
147	4	8.061004674	0.125124995	0.138478203	0.125314733	0.137781618	0.147015336	6.907002782	0.12789451	0.119473654	0.142031471
148	1	573.388658	0.002151133	0.002123213	0.002233115	0.001679931	0.001929408	439.1278816	0.00230838	0.001775249	0.003328593
148	2	83.030137	0.015051687	0.014745044	0.013194543	0.012402379	0.013359145	76.18962713	0.013985498	0.01267793	0.018098035
148	3	27.30992763	0.040725063	0.043978335	0.033184483	0.036961612	0.03874053	26.42384509	0.039322794	0.034826444	0.044585817
148	4	8.117573128	0.129428236	0.140590706	0.124160238	0.137201644	0.154380266	7.655403709	0.118302325	0.124403038	0.14526045
149	1	609.2500276	0.002170822	0.002181459	0.002310366	0.001757091	0.002013296	478.3758954	0.002291247	0.001883454	0.003314896
149	2	88.34123319	0.014532768	0.015411638	0.012814344	0.012977584	0.013049776	76.73044614	0.014158287	0.012631405	0.018108585
149	3	29.00105621	0.039295804	0.04419249	0.0345578	0.038855707	0.040851731	26.88849238	0.037144061	0.036360571	0.044104306
149	4	8.352015673	0.133069439	0.14864007	0.129318637	0.141488408	0.157779465	8.060299852	0.122014303	0.12312505	0.143488875
150	1	570.7170381	0.002069944	0.002149563	0.002265217	0.001767921	0.001924748	567.1510369	0.002431528	0.001886836	0.003300306
150	2	86.1372939	0.014604088	0.014949466	0.013124056	0.013182452	0.015074741	83.26284797	0.014932213	0.012701192	0.017969667
150	3	29.98883061	0.039443952	0.044376052	0.033671363	0.040171943	0.043596291	26.22396994	0.042132555	0.036766144	0.04467787
150	4	8.005219174	0.135386569	0.148749337	0.132924637	0.143682222	0.159195797	7.25277768	0.143901741	0.138132284	0.147599279
151	1	569.1110246	0.002142507	0.002243866	0.002310366	0.001751677	0.001826879	496.9852926	0.002369181	0.001853021	0.003314795
151	2	88.52999651	0.014471521	0.01535831	0.013054371	0.013324283	0.014905994	73.16830299	0.014249337	0.013212962	0.018242228
151	3	30.02974307	0.03912804	0.045309157	0.035378085	0.03858818	0.046710312	25.1893789	0.04388527	0.038688212	0.045715244
151	4	8.284721008	0.136048606	0.154212707	0.134342169	0.146077766	0.154521899	7.242707626	0.145535132	0.136963838	0.146037151
152	1	612.0138237	0.002287798	0.002095477	0.002312946	0.001792287	0.001906106	557.350489	0.002509461	0.001868238	0.003350474
152	2	85.95858582	0.013958042	0.015438301	0.013503454	0.013458235	0.014202881	81.2916787	0.014659063	0.013061757	0.018583369
152	3	29.62557425	0.037831701	0.045049112	0.035655923	0.040107736	0.043596291	26.62415434	0.044829039	0.039129053	0.045563001
152	4	8.255159113	0.13737268	0.155378225	0.136033258	0.144489142	0.160895397	7.417480456	0.143575063	0.138899077	0.149702479
153	1	577.6675171	0.002206526	0.002069127	0.002400665	0.00192901	0.002045918	616.2090824	0.002596647	0.001853021	0.003375349
153	2	80.29464799	0.014558355	0.015651611	0.01399125	0.013080018	0.015243488	89.58928055	0.014803031	0.013736362	0.018748663
153	3	30.27758138	0.039389493	0.04630345	0.036251291	0.041723603	0.044018531	27.88957304	0.049433662	0.040698447	0.046561429
153	4	8.359560402	0.133069439	0.161096552	0.13817199	0.152054019	0.169110126	7.733304757	0.174175139	0.147479856	0.152765646
154	1	565.2199558	0.00229187	0.002148176	0.002479613	0.001858618	0.002078541	534.026199	0.002712089	0.002015467	0.003463504
154	2	83.3642623	0.014384687	0.01578493	0.013783639	0.014183152	0.016846585	75.86422603	0.015432988	0.014190949	0.01899133
154	3	29.58575493	0.038866588	0.048582675	0.037776186	0.042526186	0.049349313	26.18078548	0.049884945	0.043911949	0.0486645
154	4	8.026048019	0.146641198	0.169655831	0.148774857	0.159215435	0.173642391	7.58004081	0.166605875	0.159514612	0.158630172
155	1	562.4550446	0.002283257	0.002363132	0.002449685	0.00184102	0.001920087	454.7033533	0.002774435	0.002039	0.003548371
155	2	85.42688323	0.015487131	0.017731382	0.014641646	0.013962525	0.014849745	72.53039936	0.014613538	0.014504017	0.019647235
155	3	29.42754234	0.04188633	0.053890669	0.038421076	0.042301463	0.046974212	25.59496543	0.05035683	0.04487762	0.049967413
155	4	8.420412525	0.149289346	0.190125255	0.147647067	0.159871058	0.175200357	7.89554192	0.176896238	0.169351714	0.167549137
156	1	622.6798239	0.002203319	0.001479731	0.002591583	0.002088746	0.001962031	485.6202217	0.002852369	0.002164112	0.003603661
156	2	94.5936949	0.015781209	0.011332086	0.014695846	0.015317804	0.015018492	66.31421902	0.01679874	0.015864859	0.020682966
156	3	30.8720921	0.042605305	0.037385409	0.040683474	0.046078952	0.048452053	24.59441708	0.054671204	0.047681369	0.051273866
156	4	8.4434611	0.157564809	0.133087678	0.159708517	0.17951452	0.183839987	7.891560389	0.195026877	0.185308311	0.171336643
157	1	605.0454748	0.002549831	0.002071925	0.002741165	0.002176821	0.001940275	490.2903506	0.002709867	0.002347963	0.003877548
157	2	88.42016509	0.016729918	0.017405983	0.014408904	0.015883888	0.014952008	84.63948996	0.017811765	0.015543709	0.02100365
157	3	31.62537986	0.045601408	0.05382332	0.042093315	0.050492368	0.046210278	28.68971253	0.056892502	0.051193728	0.053281393
157	4	8.856241057	0.163960038	0.199799416	0.166573314	0.193358913	0.203899542	8.053753337	0.196229571	0.195413358	0.187365561
158	1	552.32477	0.00229131	0.002576767	0.002563148	0.002121145	0.001833514	534.4402235	0.002747694	0.002221638	0.003826951
158	2	103.1213492	0.016600568	0.020444983	0.013951592	0.01609484	0.015034464	75.54023577	0.016423912	0.016138027	0.021471689
158	3	32.16064722	0.045161417	0.061914699	0.040527161	0.049148748	0.046775071	26.24451364	0.056671068	0.051457613	0.054144757
158	4	8.513470251	0.175234304	0.237712837	0.16024687	0.189090014	0.207649738	7.557315146	0.192544415	0.185820146	0.194969501
159	1	651.1717243	0.002327486	0.002479948	0.002458548	0.00200436	0.00187529	543.6633578	0.002450223	0.002144158	0.003596136
159	2	92.43058295	0.016528731	0.019299853	0.014168278	0.014774438	0.016326274	91.94093504	0.016735476	0.016298036	0.020648351
159	3	33.19053694	0.045024575	0.057608238	0.038695045	0.045149881	0.045388762	28.91576448	0.058339828	0.050296518	0.052522988
159	4	8.544232564	0.167825501	0.22708559	0.154635559	0.187165308	0.203205062	7.503315008	0.195071659	0.190845162	0.186753453
160	1	558.3047585	0.002402944	0.002430156	0.002365796	0.0020709	0.001828872	465.7920208	0.002724209	0.002100366	0.003549632
160	2	88.23785547	0.015601645	0.019000357	0.013486861	0.014274404	0.015199376	69.91288543	0.015667255	0.01452651	0.019635407
160	3	32.43513354	0.042540402	0.056982385	0.036683899	0.044808644	0.047956	25.05716119	0.054601807	0.04836136	0.050894447
160	4	8.5829995	0.168147623	0.21979731	0.145549785	0.175370316	0.1982048	7.30474011	0.185120635	0.178335333	0.181141021
161	1	593.4833026	0.002276905	0.002410792	0.002395606	0.001989422	0.002070246	530.3035878	0.002512848	0.001992568	0.003498015
161	2	95.95372176	0.015640542	0.017511687	0.01332258	0.014977576	0.014594699	84.63948996	0.016423912	0.014789382	0.019719107
161	3	29.45981767	0.042464618	0.054553481	0.036460888	0.044915281	0.04698045	27.65038539	0.052399044	0.047358596	0.049100004
161	4	8.521140044	0.158483966	0.209600897	0.137781427	0.17068193	0.208483115	7.591336427	0.178802525	0.167090544	0.17180421
162	1	645.2951411	0.002220181	0.00226833	0.002488216	0.001945967	0.002000619	489.4738309	0.002802491	0.00206331	0.003542815
162	2	90.476448	0.015200631	0.01789927	0.013980867	0.014180648	0.01594148	71.07579234	0.01655744	0.014869386	0.019592702
162	3	34.8652888	0.041245689	0.050306625	0.037010363	0.043433034	0.048469448	26.0654906	0.055402811	0.046760457	0.05004124
162	4	8.725521632	0.153007894	0.19294197	0.146240709	0.159775263	0.214733442	7.771365929	0.192702368	0.169690902	0.169993748
163	1	576.5445782	0.002236878	0.002344402	0.002452099	0.002009791	0.001898499	571.5816364	0.002794663	0.002103734	0.003446642
163	2	95.31260558	0.015091255	0.017203383	0.013478605	0.014079078	0.017095863	80.43444728	0.016023329	0.014149347	0.01935185
163	3	32.85576207	0.041043585	0.05203517	0.037247271	0.043934225	0.05119072	29.81114342	0.055736563	0.046866011	0.048331441
163	4	8.521140044	0.152685772	0.180986318	0.147360023	0.162686998	0.22417838	9.004816816	0.198230714	0.174294237	0.167165979
164	1	604.7738337	0.002247737	0.00231259	0.002502405	0.001994854	0.001963484	534.4402235	0.002919914	0.002031308	0.003360208
164	2	85.08023838	0.015112586	0.016701287	0.013621037	0.013891565	0.016353759	85.85772264	0.016468421	0.014320785	0.018740326
164	3	30.60657568	0.041140425	0.050634452	0.038931954	0.043038479	0.051858201	28.22356172	0.050930536	0.045317884	0.046492984
164	4	8.881188215	0.152041529	0.184432992	0.154538227	0.165302624	0.229456433	7.67906213	0.199020478	0.162873748	0.161062137
165	1	588.2978806	0.002171789	0.002051178	0.002671381	0.00197041	0.002112022	491.1779932	0.002340628	0.001963935	0.00340939
165	2	96.1693481	0.014749636	0.015221426	0.014812972	0.014876007	0.018140304	87.4635474	0.015177653	0.014469364	0.018361112
165	3	28.46679011	0.040186754	0.045120989	0.042169702	0.044893953	0.053655268	29.66929717	0.052599295	0.044649375	0.045849694
165	4	8.999491388	0.143022116	0.163681139	0.167799656	0.167868898	0.245012802	8.170918989	0.192070556	0.162908888	0.153613379
166	1	573.3375436	0.00219214	0.002280778	0.002572059	0.001818318	0.002079529	479.65947	0.002348456	0.001925195	0.003422294
166	2	91.05395724	0.014917883	0.017784757	0.014782986	0.014235339	0.017645569	83.72460784	0.01415394	0.014252209	0.01859684
166	3	32.43513354	0.040550961	0.055000519	0.041959117	0.044019534	0.05735209	27.87549117	0.047526267	0.042327185	0.04587678
166	4	8.385164405	0.149142432	0.199763514	0.172909564	0.16964555	0.259596897	7.655397495	0.164902682	0.155318655	0.1550014
167	1	617.7283994	0.002207818	0.002275245	0.002391473	0.001754494	0.001991335	598.8926535	0.002739865	0.001926879	0.003362643
167	2	85.7622443	0.014098814	0.017520496	0.01399586	0.013555605	0.017453172	73.97430967	0.013708848	0.013086431	0.018291077
167	3	31.40757421	0.03840994	0.053555097	0.037826381	0.041087031	0.05000979	25.44212872	0.046057759	0.041729045	0.04548742
167	4	8.475327463	0.140767263	0.197322119	0.158017831	0.157455746	0.233206629	7.174825138	0.160006146	0.147939262	0.153285772
168	1	593.7128477	0.002103142	0.002250349	0.00231021	0.001754494	0.001949559	486.6052172	0.002050985	0.001958882	0.003307617
168	2	91.83553627	0.014026977	0.01688627	0.014213256	0.012547724	0.015474229	75.1944149	0.015578236	0.013692179	0.017688094
168	3	31.5378961	0.038273098	0.049799982	0.037497341	0.039860712	0.047904655	26.92357027	0.043587995	0.03831613	0.044786571
168	4	8.400058125	0.142377872	0.178293603	0.148041344	0.141860693	0.207788635	8.095144327	0.151002839	0.143687326	0.155018642
169	1	636.7737336	0.002259418	0.001834027	0.002357936	0.001744988	0.001814946	548.0970621	0.002528504	0.001881402	0.003245044
169	2	92.03303205	0.01412987	0.013970592	0.01363603	0.013157141	0.014539729	80.06600058	0.014420996	0.013120719	0.017701759
169	3	28.53804616	0.038487833	0.042975209	0.036075891	0.040479204	0.04579952	28.38427262	0.044322249	0.040145734	0.044248239
169	4	8.182063537	0.141733628	0.146555475	0.145437724	0.147782865	0.193482332	8.26386409	0.163481107	0.143581906	0.151509795
170	1	610.4428319	0.002209811	0.002059477	0.002262483	0.001958189	0.001986693	513.4047829	0.002442394	0.001869612	0.003353147
170	2	97.04163244	0.014160926	0.01553854	0.013396144	0.012500846	0.014512243	90.12342266	0.014866088	0.01296071	0.018140758
170	3	32.29730719	0.038565727	0.04489747	0.035141419	0.038410456	0.044515902	28.67720548	0.046525011	0.039301302	0.044227924
170	4	8.598604953	0.1369018	0.160126756	0.139719493	0.141268476	0.166675375	7.574328132	0.159532288	0.138521751	0.148863072
171	1	636.2540176	0.002205183	0.002377597	0.002367239	0.001811528	0.001787096	517.3568959	0.002357718	0.001829188	0.003315165
171	2	88.23785547	0.014133111	0.018084253	0.012977802	0.012719611	0.013907567	84.73161276	0.01442907	0.011852078	0.017918696
171	3	32.34311898	0.038481518	0.051290107	0.034276023	0.037130818	0.038919323	27.73099611	0.043941611	0.040321658	0.044749328
171	4	8.445058436	0.134646947	0.180447775	0.133157858	0.139639879	0.165841998	7.502097249	0.155320355	0.137818951	0.149587257
172	1	590.4975618	0.002117019	0.002333337	0.002367234	0.001780295	0.001684976	476.3247472	0.002231033	0.001834241	0.003231166
172	2	82.61652491	0.013636212	0.016560348	0.012887831	0.012508659	0.014319846	75.21517223	0.014020412	0.012732126	0.017891366
172	3	30.60657568	0.037235219	0.04632799	0.034539332	0.037141482	0.039330081	24.68080597	0.04445575	0.037014297	0.043141102
172	4	8.260668514	0.131103606	0.16055759	0.130189164	0.135247601	0.151813488	6.714529818	0.145158587	0.134445514	0.145957712
173	1	584.0630033	0.002147396	0.002147997	0.002218627	0.001768073	0.001796379	497.6199221	0.002310903	0.001758446	0.003163236
173	2	99.75608369	0.014098814	0.015036444	0.012339146	0.011907056	0.013247919	87.3233925	0.014207267	0.011234901	0.017686385
173	3	30.85507291	0.03840994	0.043303036	0.031811539	0.036085781	0.038149152	26.30209568	0.0391346	0.035958756	0.043679434
173	4	8.55195791	0.130459362	0.146160543	0.120058512	0.135617737	0.1441742	6.717393332	0.143312495	0.129139379	0.145647347
174	1	608.8740534	0.00211502	0.002311207	0.002281832	0.0016703	0.001763886	534.3592514	0.002285831	0.001792132	0.003307617
174	2	87.51607342	0.013644053	0.015195	0.012249188	0.011446087	0.012615757	78.53671495	0.011750441	0.011783503	0.017542899
174	3	29.61285569	0.037081541	0.043317938	0.031219268	0.035158044	0.036814188	26.43337814	0.040383977	0.034850438	0.042995515
174	4	7.740151758	0.132069972	0.135641005	0.118087548	0.123946123	0.149174461	7.477089453	0.131890555	0.116313291	0.143173049
175	1	590.0892745	0.002179771	0.00188382	0.002188959	0.001709681	0.001652483	486.336821	0.00211361	0.001862875	0.003284
175	2	85.24972092	0.013174968	0.012658096	0.011791905	0.011930495	0.012285933	80.75839981	0.012106515	0.01154349	0.017042406
175	3	27.2099032	0.035919451	0.035524583	0.031048167	0.034614198	0.036249396	26.4849281	0.040450727	0.035413393	0.041363588
175	4	7.566772359	0.128526631	0.121064444	0.112588313	0.122564283	0.155146995	7.270945731	0.128573547	0.122603346	0.136017414
176	1	613.9695076	0.002138051	0.002254498	0.002257324	0.001720544	0.001573572	592.9045115	0.002630271	0.001856137	0.003127932
176	2	86.28096755	0.013060468	0.015503305	0.012106756	0.011328892	0.013742655	68.26733019	0.013842376	0.011497773	0.016755433
176	3	28.04661609	0.03558893	0.041589393	0.030363765	0.034262297	0.038919323	23.41809987	0.040584228	0.03411156	0.04082187
176	4	7.360673501	0.124661169	0.139446709	0.112782976	0.12039282	0.138618354	6.78493068	0.126994019	0.122392506	0.132275793
177	1	576.8749183	0.002160738	0.002146614	0.002268933	0.001738198	0.001759245	486.336821	0.002270174	0.001741602	0.003189045
177	2	85.59071981	0.013264896	0.014613626	0.012451592	0.012250829	0.013055522	80.85425843	0.012952191	0.012377821	0.016507749
177	3	27.24241204	0.036159447	0.040039662	0.032245871	0.035744544	0.037276291	25.86339117	0.041118231	0.034357852	0.040835412
177	4	7.037548697	0.117896609	0.131583982	0.11794155	0.125476018	0.15028563	6.92533608	0.122887247	0.121970826	0.133862102
178	1	598.2815353	0.002177925	0.001726143	0.002195409	0.001693385	0.001861364	459.3041897	0.002207549	0.001719706	0.003225322
178	2	84.40899389	0.012862523	0.012605244	0.01254155	0.012461781	0.014099964	68.9527929	0.013085718	0.011737786	0.01696383
178	3	29.01004946	0.035005782	0.034719916	0.032338002	0.035168707	0.039432771	22.95351508	0.039449471	0.034093967	0.040832027
178	4	6.959871559	0.117574487	0.110365392	0.112344984	0.126882533	0.149868942	6.325801342	0.112304413	0.11726207	0.130930878
											
											
											
											
											
											
											
											
											
											
											
											
											
											
											
											
											
											
											
											
											
											
											
											
											
											
											
											
											
											
											
											
											
											
											
											
											
											
											
											
											
											
											
											
											
											
											
											
											
											
											
											
											
											
											
											
											
											
											
											
											
											
											
											
											
											
											
											
											
											
											
											
											
											
											
											
											
											
											
											
											
											
											
											
											
											
											
											
											
											
											
											
											
											
											
											
											
											
											
											
											
											
											
											
											
											
											
											
											
											
											
											
											
											
											
											
											
											
											
											
											
											
											
											
											
											
											
											
											
											
											
											
											
											
											
											
											
											
											
											
											
											
											
											
											
											
											
											
											
											
											
											
											
											
											
											
											
											
											
											
											
											
											
											
											
											
											
											
											
											
											
											
											
											
											
											
											
											
											
											
											
											
											
											
											
											
											
											
											
											
											
											
											
											
											
											
											
											
											
											
											
											
											
											
											
											
											
											
											
											
											
											
											
											
											
											
											
											
											
											
											
											
											
											
											
											
											
											
											
											
											
											
											
											
											
											
											
											
											
											
											
											
											
											
											
											
											
											
											
											
											
											
											
											
											
											
											
											
											
											
											
											
											
											
											
											
											
											
											
											
											
											
											
											
											
											
											
											
											
											
											
											
											
											
											
											
											
											
											
											
											
											
											
											
											
											
											
											
											
											
											
											
											
											
											
											
											
											
											
											
											
											
											
											
											
											
											
											
											
											
											
											
											
											
											
											
											
											
