Year	Age	Australia	Canada	EnglandandWales	France	Italy	Netherlands	NewZealand	Portugal	Spain	USA
1	1	303233.5531	465657.7524	715939.3399	777945.1765	744003.5448	213041.9838	58171.60175	129844.8992	592123.3839	4077506.653
1	2	38607.78663	62726.82133	108378.5755	118582.9157	125383.81	33744.82576	7464.409776	20848.76759	82510.1155	528062.13
1	3	20746.33936	32961.50975	64136.27833	77013.44438	91996.64795	18154.92325	3894.263013	14765.69281	57606.35866	265683.5486
1	4	8806.509231	14127.04148	26390.65538	37983.68686	37548.21557	6725.995821	1513.617853	5682.272739	25270.80024	111865.7458
2	1	303233.5531	465657.7524	715939.3399	777945.1765	744003.5448	213041.9838	58171.60175	129844.8992	592123.3839	4077506.653
2	2	38607.78663	62726.82133	108378.5755	118582.9157	125383.81	33744.82576	7464.409776	20848.76759	82510.1155	528062.13
2	3	20746.33936	32961.50975	64136.27833	77013.44438	91996.64795	18154.92325	3894.263013	14765.69281	57606.35866	265683.5486
2	4	8806.509231	14127.04148	26390.65538	37983.68686	37548.21557	6725.995821	1513.617853	5682.272739	25270.80024	111865.7458
3	1	303233.5531	465657.7524	715939.3399	777945.1765	744003.5448	213041.9838	58171.60175	129844.8992	592123.3839	4077506.653
3	2	38607.78663	62726.82133	108378.5755	118582.9157	125383.81	33744.82576	7464.409776	20848.76759	82510.1155	528062.13
3	3	20746.33936	32961.50975	64136.27833	77013.44438	91996.64795	18154.92325	3894.263013	14765.69281	57606.35866	265683.5486
3	4	8806.509231	14127.04148	26390.65538	37983.68686	37548.21557	6725.995821	1513.617853	5682.272739	25270.80024	111865.7458
4	1	303233.5531	465657.7524	715939.3399	777945.1765	744003.5448	213041.9838	58171.60175	129844.8992	592123.3839	4077506.653
4	2	38607.78663	62726.82133	108378.5755	118582.9157	125383.81	33744.82576	7464.409776	20848.76759	82510.1155	528062.13
4	3	20746.33936	32961.50975	64136.27833	77013.44438	91996.64795	18154.92325	3894.263013	14765.69281	57606.35866	265683.5486
4	4	8806.509231	14127.04148	26390.65538	37983.68686	37548.21557	6725.995821	1513.617853	5682.272739	25270.80024	111865.7458
5	1	303233.5531	465657.7524	715939.3399	777945.1765	744003.5448	213041.9838	58171.60175	129844.8992	592123.3839	4077506.653
5	2	38607.78663	62726.82133	108378.5755	118582.9157	125383.81	33744.82576	7464.409776	20848.76759	82510.1155	528062.13
5	3	20746.33936	32961.50975	64136.27833	77013.44438	91996.64795	18154.92325	3894.263013	14765.69281	57606.35866	265683.5486
5	4	8806.509231	14127.04148	26390.65538	37983.68686	37548.21557	6725.995821	1513.617853	5682.272739	25270.80024	111865.7458
6	1	303233.5531	465657.7524	715939.3399	777945.1765	744003.5448	213041.9838	58171.60175	129844.8992	592123.3839	4077506.653
6	2	38607.78663	62726.82133	108378.5755	118582.9157	125383.81	33744.82576	7464.409776	20848.76759	82510.1155	528062.13
6	3	20746.33936	32961.50975	64136.27833	77013.44438	91996.64795	18154.92325	3894.263013	14765.69281	57606.35866	265683.5486
6	4	8806.509231	14127.04148	26390.65538	37983.68686	37548.21557	6725.995821	1513.617853	5682.272739	25270.80024	111865.7458
7	1	303233.5531	465657.7524	715939.3399	777945.1765	744003.5448	213041.9838	58171.60175	129844.8992	592123.3839	4077506.653
7	2	38607.78663	62726.82133	108378.5755	118582.9157	125383.81	33744.82576	7464.409776	20848.76759	82510.1155	528062.13
7	3	20746.33936	32961.50975	64136.27833	77013.44438	91996.64795	18154.92325	3894.263013	14765.69281	57606.35866	265683.5486
7	4	8806.509231	14127.04148	26390.65538	37983.68686	37548.21557	6725.995821	1513.617853	5682.272739	25270.80024	111865.7458
8	1	303233.5531	465657.7524	715939.3399	777945.1765	744003.5448	213041.9838	58171.60175	129844.8992	592123.3839	4077506.653
8	2	38607.78663	62726.82133	108378.5755	118582.9157	125383.81	33744.82576	7464.409776	20848.76759	82510.1155	528062.13
8	3	20746.33936	32961.50975	64136.27833	77013.44438	91996.64795	18154.92325	3894.263013	14765.69281	57606.35866	265683.5486
8	4	8806.509231	14127.04148	26390.65538	37983.68686	37548.21557	6725.995821	1513.617853	5682.272739	25270.80024	111865.7458
9	1	303233.5531	465657.7524	715939.3399	777945.1765	744003.5448	213041.9838	58171.60175	129844.8992	592123.3839	4077506.653
9	2	38607.78663	62726.82133	108378.5755	118582.9157	125383.81	33744.82576	7464.409776	20848.76759	82510.1155	528062.13
9	3	20746.33936	32961.50975	64136.27833	77013.44438	91996.64795	18154.92325	3894.263013	14765.69281	57606.35866	265683.5486
9	4	8806.509231	14127.04148	26390.65538	37983.68686	37548.21557	6725.995821	1513.617853	5682.272739	25270.80024	111865.7458
10	1	303233.5531	465657.7524	715939.3399	777945.1765	744003.5448	213041.9838	58171.60175	129844.8992	592123.3839	4077506.653
10	2	38607.78663	62726.82133	108378.5755	118582.9157	125383.81	33744.82576	7464.409776	20848.76759	82510.1155	528062.13
10	3	20746.33936	32961.50975	64136.27833	77013.44438	91996.64795	18154.92325	3894.263013	14765.69281	57606.35866	265683.5486
10	4	8806.509231	14127.04148	26390.65538	37983.68686	37548.21557	6725.995821	1513.617853	5682.272739	25270.80024	111865.7458
11	1	303233.5531	465657.7524	715939.3399	777945.1765	744003.5448	213041.9838	58171.60175	129844.8992	592123.3839	4077506.653
11	2	38607.78663	62726.82133	108378.5755	118582.9157	125383.81	33744.82576	7464.409776	20848.76759	82510.1155	528062.13
11	3	20746.33936	32961.50975	64136.27833	77013.44438	91996.64795	18154.92325	3894.263013	14765.69281	57606.35866	265683.5486
11	4	8806.509231	14127.04148	26390.65538	37983.68686	37548.21557	6725.995821	1513.617853	5682.272739	25270.80024	111865.7458
12	1	303233.5531	465657.7524	715939.3399	777945.1765	744003.5448	213041.9838	58171.60175	129844.8992	592123.3839	4077506.653
12	2	38607.78663	62726.82133	108378.5755	118582.9157	125383.81	33744.82576	7464.409776	20848.76759	82510.1155	528062.13
12	3	20746.33936	32961.50975	64136.27833	77013.44438	91996.64795	18154.92325	3894.263013	14765.69281	57606.35866	265683.5486
12	4	8806.509231	14127.04148	26390.65538	37983.68686	37548.21557	6725.995821	1513.617853	5682.272739	25270.80024	111865.7458
13	1	303233.5531	465657.7524	715939.3399	777945.1765	744003.5448	213041.9838	58171.60175	129844.8992	592123.3839	4077506.653
13	2	38607.78663	62726.82133	108378.5755	118582.9157	125383.81	33744.82576	7464.409776	20848.76759	82510.1155	528062.13
13	3	20746.33936	32961.50975	64136.27833	77013.44438	91996.64795	18154.92325	3894.263013	14765.69281	57606.35866	265683.5486
13	4	8806.509231	14127.04148	26390.65538	37983.68686	37548.21557	6725.995821	1513.617853	5682.272739	25270.80024	111865.7458
14	1	303233.5531	465657.7524	715939.3399	777945.1765	744003.5448	213041.9838	58171.60175	129844.8992	592123.3839	4077506.653
14	2	38607.78663	62726.82133	108378.5755	118582.9157	125383.81	33744.82576	7464.409776	20848.76759	82510.1155	528062.13
14	3	20746.33936	32961.50975	64136.27833	77013.44438	91996.64795	18154.92325	3894.263013	14765.69281	57606.35866	265683.5486
14	4	8806.509231	14127.04148	26390.65538	37983.68686	37548.21557	6725.995821	1513.617853	5682.272739	25270.80024	111865.7458
15	1	303233.5531	465657.7524	715939.3399	777945.1765	744003.5448	213041.9838	58171.60175	129844.8992	592123.3839	4077506.653
15	2	38607.78663	62726.82133	108378.5755	118582.9157	125383.81	33744.82576	7464.409776	20848.76759	82510.1155	528062.13
15	3	20746.33936	32961.50975	64136.27833	77013.44438	91996.64795	18154.92325	3894.263013	14765.69281	57606.35866	265683.5486
15	4	8806.509231	14127.04148	26390.65538	37983.68686	37548.21557	6725.995821	1513.617853	5682.272739	25270.80024	111865.7458
16	1	303233.5531	465657.7524	715939.3399	777945.1765	744003.5448	213041.9838	58171.60175	129844.8992	592123.3839	4077506.653
16	2	38607.78663	62726.82133	108378.5755	118582.9157	125383.81	33744.82576	7464.409776	20848.76759	82510.1155	528062.13
16	3	20746.33936	32961.50975	64136.27833	77013.44438	91996.64795	18154.92325	3894.263013	14765.69281	57606.35866	265683.5486
16	4	8806.509231	14127.04148	26390.65538	37983.68686	37548.21557	6725.995821	1513.617853	5682.272739	25270.80024	111865.7458
17	1	303233.5531	465657.7524	715939.3399	777945.1765	744003.5448	213041.9838	58171.60175	129844.8992	592123.3839	4077506.653
17	2	38607.78663	62726.82133	108378.5755	118582.9157	125383.81	33744.82576	7464.409776	20848.76759	82510.1155	528062.13
17	3	20746.33936	32961.50975	64136.27833	77013.44438	91996.64795	18154.92325	3894.263013	14765.69281	57606.35866	265683.5486
17	4	8806.509231	14127.04148	26390.65538	37983.68686	37548.21557	6725.995821	1513.617853	5682.272739	25270.80024	111865.7458
18	1	303233.5531	465657.7524	715939.3399	777945.1765	744003.5448	213041.9838	58171.60175	129844.8992	592123.3839	4077506.653
18	2	38607.78663	62726.82133	108378.5755	118582.9157	125383.81	33744.82576	7464.409776	20848.76759	82510.1155	528062.13
18	3	20746.33936	32961.50975	64136.27833	77013.44438	91996.64795	18154.92325	3894.263013	14765.69281	57606.35866	265683.5486
18	4	8806.509231	14127.04148	26390.65538	37983.68686	37548.21557	6725.995821	1513.617853	5682.272739	25270.80024	111865.7458
19	1	303233.5531	465657.7524	715939.3399	777945.1765	744003.5448	213041.9838	58171.60175	129844.8992	592123.3839	4077506.653
19	2	38607.78663	62726.82133	108378.5755	118582.9157	125383.81	33744.82576	7464.409776	20848.76759	82510.1155	528062.13
19	3	20746.33936	32961.50975	64136.27833	77013.44438	91996.64795	18154.92325	3894.263013	14765.69281	57606.35866	265683.5486
19	4	8806.509231	14127.04148	26390.65538	37983.68686	37548.21557	6725.995821	1513.617853	5682.272739	25270.80024	111865.7458
20	1	303233.5531	465657.7524	715939.3399	777945.1765	744003.5448	213041.9838	58171.60175	129844.8992	592123.3839	4077506.653
20	2	38607.78663	62726.82133	108378.5755	118582.9157	125383.81	33744.82576	7464.409776	20848.76759	82510.1155	528062.13
20	3	20746.33936	32961.50975	64136.27833	77013.44438	91996.64795	18154.92325	3894.263013	14765.69281	57606.35866	265683.5486
20	4	8806.509231	14127.04148	26390.65538	37983.68686	37548.21557	6725.995821	1513.617853	5682.272739	25270.80024	111865.7458
21	1	303233.5531	465657.7524	715939.3399	777945.1765	744003.5448	213041.9838	58171.60175	129844.8992	592123.3839	4077506.653
21	2	38607.78663	62726.82133	108378.5755	118582.9157	125383.81	33744.82576	7464.409776	20848.76759	82510.1155	528062.13
21	3	20746.33936	32961.50975	64136.27833	77013.44438	91996.64795	18154.92325	3894.263013	14765.69281	57606.35866	265683.5486
21	4	8806.509231	14127.04148	26390.65538	37983.68686	37548.21557	6725.995821	1513.617853	5682.272739	25270.80024	111865.7458
22	1	303233.5531	465657.7524	715939.3399	777945.1765	744003.5448	213041.9838	58171.60175	129844.8992	592123.3839	4077506.653
22	2	38607.78663	62726.82133	108378.5755	118582.9157	125383.81	33744.82576	7464.409776	20848.76759	82510.1155	528062.13
22	3	20746.33936	32961.50975	64136.27833	77013.44438	91996.64795	18154.92325	3894.263013	14765.69281	57606.35866	265683.5486
22	4	8806.509231	14127.04148	26390.65538	37983.68686	37548.21557	6725.995821	1513.617853	5682.272739	25270.80024	111865.7458
23	1	303233.5531	465657.7524	715939.3399	777945.1765	744003.5448	213041.9838	58171.60175	129844.8992	592123.3839	4077506.653
23	2	38607.78663	62726.82133	108378.5755	118582.9157	125383.81	33744.82576	7464.409776	20848.76759	82510.1155	528062.13
23	3	20746.33936	32961.50975	64136.27833	77013.44438	91996.64795	18154.92325	3894.263013	14765.69281	57606.35866	265683.5486
23	4	8806.509231	14127.04148	26390.65538	37983.68686	37548.21557	6725.995821	1513.617853	5682.272739	25270.80024	111865.7458
24	1	303233.5531	465657.7524	715939.3399	777945.1765	744003.5448	213041.9838	58171.60175	129844.8992	592123.3839	4077506.653
24	2	38607.78663	62726.82133	108378.5755	118582.9157	125383.81	33744.82576	7464.409776	20848.76759	82510.1155	528062.13
24	3	20746.33936	32961.50975	64136.27833	77013.44438	91996.64795	18154.92325	3894.263013	14765.69281	57606.35866	265683.5486
24	4	8806.509231	14127.04148	26390.65538	37983.68686	37548.21557	6725.995821	1513.617853	5682.272739	25270.80024	111865.7458
25	1	303233.5531	465657.7524	715939.3399	777945.1765	744003.5448	213041.9838	58171.60175	129844.8992	592123.3839	4077506.653
25	2	38607.78663	62726.82133	108378.5755	118582.9157	125383.81	33744.82576	7464.409776	20848.76759	82510.1155	528062.13
25	3	20746.33936	32961.50975	64136.27833	77013.44438	91996.64795	18154.92325	3894.263013	14765.69281	57606.35866	265683.5486
25	4	8806.509231	14127.04148	26390.65538	37983.68686	37548.21557	6725.995821	1513.617853	5682.272739	25270.80024	111865.7458
26	1	303233.5531	465657.7524	715939.3399	777945.1765	744003.5448	213041.9838	58171.60175	129844.8992	592123.3839	4077506.653
26	2	38607.78663	62726.82133	108378.5755	118582.9157	125383.81	33744.82576	7464.409776	20848.76759	82510.1155	528062.13
26	3	20746.33936	32961.50975	64136.27833	77013.44438	91996.64795	18154.92325	3894.263013	14765.69281	57606.35866	265683.5486
26	4	8806.509231	14127.04148	26390.65538	37983.68686	37548.21557	6725.995821	1513.617853	5682.272739	25270.80024	111865.7458
27	1	303233.5531	465657.7524	715939.3399	777945.1765	744003.5448	213041.9838	58171.60175	129844.8992	592123.3839	4077506.653
27	2	38607.78663	62726.82133	108378.5755	118582.9157	125383.81	33744.82576	7464.409776	20848.76759	82510.1155	528062.13
27	3	20746.33936	32961.50975	64136.27833	77013.44438	91996.64795	18154.92325	3894.263013	14765.69281	57606.35866	265683.5486
27	4	8806.509231	14127.04148	26390.65538	37983.68686	37548.21557	6725.995821	1513.617853	5682.272739	25270.80024	111865.7458
28	1	303233.5531	465657.7524	715939.3399	777945.1765	744003.5448	213041.9838	58171.60175	129844.8992	592123.3839	4077506.653
28	2	38607.78663	62726.82133	108378.5755	118582.9157	125383.81	33744.82576	7464.409776	20848.76759	82510.1155	528062.13
28	3	20746.33936	32961.50975	64136.27833	77013.44438	91996.64795	18154.92325	3894.263013	14765.69281	57606.35866	265683.5486
28	4	8806.509231	14127.04148	26390.65538	37983.68686	37548.21557	6725.995821	1513.617853	5682.272739	25270.80024	111865.7458
29	1	303233.5531	465657.7524	715939.3399	777945.1765	744003.5448	213041.9838	58171.60175	129844.8992	592123.3839	4077506.653
29	2	38607.78663	62726.82133	108378.5755	118582.9157	125383.81	33744.82576	7464.409776	20848.76759	82510.1155	528062.13
29	3	20746.33936	32961.50975	64136.27833	77013.44438	91996.64795	18154.92325	3894.263013	14765.69281	57606.35866	265683.5486
29	4	8806.509231	14127.04148	26390.65538	37983.68686	37548.21557	6725.995821	1513.617853	5682.272739	25270.80024	111865.7458
30	1	303233.5531	465657.7524	715939.3399	777945.1765	744003.5448	213041.9838	58171.60175	129844.8992	592123.3839	4077506.653
30	2	38607.78663	62726.82133	108378.5755	118582.9157	125383.81	33744.82576	7464.409776	20848.76759	82510.1155	528062.13
30	3	20746.33936	32961.50975	64136.27833	77013.44438	91996.64795	18154.92325	3894.263013	14765.69281	57606.35866	265683.5486
30	4	8806.509231	14127.04148	26390.65538	37983.68686	37548.21557	6725.995821	1513.617853	5682.272739	25270.80024	111865.7458
31	1	303233.5531	465657.7524	715939.3399	777945.1765	744003.5448	213041.9838	58171.60175	129844.8992	592123.3839	4077506.653
31	2	38607.78663	62726.82133	108378.5755	118582.9157	125383.81	33744.82576	7464.409776	20848.76759	82510.1155	528062.13
31	3	20746.33936	32961.50975	64136.27833	77013.44438	91996.64795	18154.92325	3894.263013	14765.69281	57606.35866	265683.5486
31	4	8806.509231	14127.04148	26390.65538	37983.68686	37548.21557	6725.995821	1513.617853	5682.272739	25270.80024	111865.7458
32	1	303233.5531	465657.7524	715939.3399	777945.1765	744003.5448	213041.9838	58171.60175	129844.8992	592123.3839	4077506.653
32	2	38607.78663	62726.82133	108378.5755	118582.9157	125383.81	33744.82576	7464.409776	20848.76759	82510.1155	528062.13
32	3	20746.33936	32961.50975	64136.27833	77013.44438	91996.64795	18154.92325	3894.263013	14765.69281	57606.35866	265683.5486
32	4	8806.509231	14127.04148	26390.65538	37983.68686	37548.21557	6725.995821	1513.617853	5682.272739	25270.80024	111865.7458
33	1	303233.5531	465657.7524	715939.3399	777945.1765	744003.5448	213041.9838	58171.60175	129844.8992	592123.3839	4077506.653
33	2	38607.78663	62726.82133	108378.5755	118582.9157	125383.81	33744.82576	7464.409776	20848.76759	82510.1155	528062.13
33	3	20746.33936	32961.50975	64136.27833	77013.44438	91996.64795	18154.92325	3894.263013	14765.69281	57606.35866	265683.5486
33	4	8806.509231	14127.04148	26390.65538	37983.68686	37548.21557	6725.995821	1513.617853	5682.272739	25270.80024	111865.7458
34	1	303233.5531	465657.7524	715939.3399	777945.1765	744003.5448	213041.9838	58171.60175	129844.8992	592123.3839	4077506.653
34	2	38607.78663	62726.82133	108378.5755	118582.9157	125383.81	33744.82576	7464.409776	20848.76759	82510.1155	528062.13
34	3	20746.33936	32961.50975	64136.27833	77013.44438	91996.64795	18154.92325	3894.263013	14765.69281	57606.35866	265683.5486
34	4	8806.509231	14127.04148	26390.65538	37983.68686	37548.21557	6725.995821	1513.617853	5682.272739	25270.80024	111865.7458
35	1	303233.5531	465657.7524	715939.3399	777945.1765	744003.5448	213041.9838	58171.60175	129844.8992	592123.3839	4077506.653
35	2	38607.78663	62726.82133	108378.5755	118582.9157	125383.81	33744.82576	7464.409776	20848.76759	82510.1155	528062.13
35	3	20746.33936	32961.50975	64136.27833	77013.44438	91996.64795	18154.92325	3894.263013	14765.69281	57606.35866	265683.5486
35	4	8806.509231	14127.04148	26390.65538	37983.68686	37548.21557	6725.995821	1513.617853	5682.272739	25270.80024	111865.7458
36	1	303233.5531	465657.7524	715939.3399	777945.1765	744003.5448	213041.9838	58171.60175	129844.8992	592123.3839	4077506.653
36	2	38607.78663	62726.82133	108378.5755	118582.9157	125383.81	33744.82576	7464.409776	20848.76759	82510.1155	528062.13
36	3	20746.33936	32961.50975	64136.27833	77013.44438	91996.64795	18154.92325	3894.263013	14765.69281	57606.35866	265683.5486
36	4	8806.509231	14127.04148	26390.65538	37983.68686	37548.21557	6725.995821	1513.617853	5682.272739	25270.80024	111865.7458
37	1	303233.5531	465657.7524	715939.3399	777945.1765	744003.5448	213041.9838	58171.60175	129844.8992	592123.3839	4077506.653
37	2	38607.78663	62726.82133	108378.5755	118582.9157	125383.81	33744.82576	7464.409776	20848.76759	82510.1155	528062.13
37	3	20746.33936	32961.50975	64136.27833	77013.44438	91996.64795	18154.92325	3894.263013	14765.69281	57606.35866	265683.5486
37	4	8806.509231	14127.04148	26390.65538	37983.68686	37548.21557	6725.995821	1513.617853	5682.272739	25270.80024	111865.7458
38	1	303233.5531	465657.7524	715939.3399	777945.1765	744003.5448	213041.9838	58171.60175	129844.8992	592123.3839	4077506.653
38	2	38607.78663	62726.82133	108378.5755	118582.9157	125383.81	33744.82576	7464.409776	20848.76759	82510.1155	528062.13
38	3	20746.33936	32961.50975	64136.27833	77013.44438	91996.64795	18154.92325	3894.263013	14765.69281	57606.35866	265683.5486
38	4	8806.509231	14127.04148	26390.65538	37983.68686	37548.21557	6725.995821	1513.617853	5682.272739	25270.80024	111865.7458
39	1	303233.5531	465657.7524	715939.3399	777945.1765	744003.5448	213041.9838	58171.60175	129844.8992	592123.3839	4077506.653
39	2	38607.78663	62726.82133	108378.5755	118582.9157	125383.81	33744.82576	7464.409776	20848.76759	82510.1155	528062.13
39	3	20746.33936	32961.50975	64136.27833	77013.44438	91996.64795	18154.92325	3894.263013	14765.69281	57606.35866	265683.5486
39	4	8806.509231	14127.04148	26390.65538	37983.68686	37548.21557	6725.995821	1513.617853	5682.272739	25270.80024	111865.7458
40	1	303233.5531	465657.7524	715939.3399	777945.1765	744003.5448	213041.9838	58171.60175	129844.8992	592123.3839	4077506.653
40	2	38607.78663	62726.82133	108378.5755	118582.9157	125383.81	33744.82576	7464.409776	20848.76759	82510.1155	528062.13
40	3	20746.33936	32961.50975	64136.27833	77013.44438	91996.64795	18154.92325	3894.263013	14765.69281	57606.35866	265683.5486
40	4	8806.509231	14127.04148	26390.65538	37983.68686	37548.21557	6725.995821	1513.617853	5682.272739	25270.80024	111865.7458
41	1	303233.5531	465657.7524	715939.3399	777945.1765	744003.5448	213041.9838	58171.60175	129844.8992	592123.3839	4077506.653
41	2	38607.78663	62726.82133	108378.5755	118582.9157	125383.81	33744.82576	7464.409776	20848.76759	82510.1155	528062.13
41	3	20746.33936	32961.50975	64136.27833	77013.44438	91996.64795	18154.92325	3894.263013	14765.69281	57606.35866	265683.5486
41	4	8806.509231	14127.04148	26390.65538	37983.68686	37548.21557	6725.995821	1513.617853	5682.272739	25270.80024	111865.7458
42	1	303233.5531	465657.7524	715939.3399	777945.1765	744003.5448	213041.9838	58171.60175	129844.8992	592123.3839	4077506.653
42	2	38607.78663	62726.82133	108378.5755	118582.9157	125383.81	33744.82576	7464.409776	20848.76759	82510.1155	528062.13
42	3	20746.33936	32961.50975	64136.27833	77013.44438	91996.64795	18154.92325	3894.263013	14765.69281	57606.35866	265683.5486
42	4	8806.509231	14127.04148	26390.65538	37983.68686	37548.21557	6725.995821	1513.617853	5682.272739	25270.80024	111865.7458
43	1	303233.5531	465657.7524	715939.3399	777945.1765	744003.5448	213041.9838	58171.60175	129844.8992	592123.3839	4077506.653
43	2	38607.78663	62726.82133	108378.5755	118582.9157	125383.81	33744.82576	7464.409776	20848.76759	82510.1155	528062.13
43	3	20746.33936	32961.50975	64136.27833	77013.44438	91996.64795	18154.92325	3894.263013	14765.69281	57606.35866	265683.5486
43	4	8806.509231	14127.04148	26390.65538	37983.68686	37548.21557	6725.995821	1513.617853	5682.272739	25270.80024	111865.7458
44	1	303233.5531	465657.7524	715939.3399	777945.1765	744003.5448	213041.9838	58171.60175	129844.8992	592123.3839	4077506.653
44	2	38607.78663	62726.82133	108378.5755	118582.9157	125383.81	33744.82576	7464.409776	20848.76759	82510.1155	528062.13
44	3	20746.33936	32961.50975	64136.27833	77013.44438	91996.64795	18154.92325	3894.263013	14765.69281	57606.35866	265683.5486
44	4	8806.509231	14127.04148	26390.65538	37983.68686	37548.21557	6725.995821	1513.617853	5682.272739	25270.80024	111865.7458
45	1	303233.5531	465657.7524	715939.3399	777945.1765	744003.5448	213041.9838	58171.60175	129844.8992	592123.3839	4077506.653
45	2	38607.78663	62726.82133	108378.5755	118582.9157	125383.81	33744.82576	7464.409776	20848.76759	82510.1155	528062.13
45	3	20746.33936	32961.50975	64136.27833	77013.44438	91996.64795	18154.92325	3894.263013	14765.69281	57606.35866	265683.5486
45	4	8806.509231	14127.04148	26390.65538	37983.68686	37548.21557	6725.995821	1513.617853	5682.272739	25270.80024	111865.7458
46	1	303233.5531	465657.7524	715939.3399	777945.1765	744003.5448	213041.9838	58171.60175	129844.8992	592123.3839	4077506.653
46	2	38607.78663	62726.82133	108378.5755	118582.9157	125383.81	33744.82576	7464.409776	20848.76759	82510.1155	528062.13
46	3	20746.33936	32961.50975	64136.27833	77013.44438	91996.64795	18154.92325	3894.263013	14765.69281	57606.35866	265683.5486
46	4	8806.509231	14127.04148	26390.65538	37983.68686	37548.21557	6725.995821	1513.617853	5682.272739	25270.80024	111865.7458
47	1	303233.5531	465657.7524	715939.3399	777945.1765	744003.5448	213041.9838	58171.60175	129844.8992	592123.3839	4077506.653
47	2	38607.78663	62726.82133	108378.5755	118582.9157	125383.81	33744.82576	7464.409776	20848.76759	82510.1155	528062.13
47	3	20746.33936	32961.50975	64136.27833	77013.44438	91996.64795	18154.92325	3894.263013	14765.69281	57606.35866	265683.5486
47	4	8806.509231	14127.04148	26390.65538	37983.68686	37548.21557	6725.995821	1513.617853	5682.272739	25270.80024	111865.7458
48	1	303233.5531	465657.7524	715939.3399	777945.1765	744003.5448	213041.9838	58171.60175	129844.8992	592123.3839	4077506.653
48	2	38607.78663	62726.82133	108378.5755	118582.9157	125383.81	33744.82576	7464.409776	20848.76759	82510.1155	528062.13
48	3	20746.33936	32961.50975	64136.27833	77013.44438	91996.64795	18154.92325	3894.263013	14765.69281	57606.35866	265683.5486
48	4	8806.509231	14127.04148	26390.65538	37983.68686	37548.21557	6725.995821	1513.617853	5682.272739	25270.80024	111865.7458
49	1	303233.5531	465657.7524	715939.3399	777945.1765	744003.5448	213041.9838	58171.60175	129844.8992	592123.3839	4077506.653
49	2	38607.78663	62726.82133	108378.5755	118582.9157	125383.81	33744.82576	7464.409776	20848.76759	82510.1155	528062.13
49	3	20746.33936	32961.50975	64136.27833	77013.44438	91996.64795	18154.92325	3894.263013	14765.69281	57606.35866	265683.5486
49	4	8806.509231	14127.04148	26390.65538	37983.68686	37548.21557	6725.995821	1513.617853	5682.272739	25270.80024	111865.7458
50	1	303233.5531	465657.7524	715939.3399	777945.1765	744003.5448	213041.9838	58171.60175	129844.8992	592123.3839	4077506.653
50	2	38607.78663	62726.82133	108378.5755	118582.9157	125383.81	33744.82576	7464.409776	20848.76759	82510.1155	528062.13
50	3	20746.33936	32961.50975	64136.27833	77013.44438	91996.64795	18154.92325	3894.263013	14765.69281	57606.35866	265683.5486
50	4	8806.509231	14127.04148	26390.65538	37983.68686	37548.21557	6725.995821	1513.617853	5682.272739	25270.80024	111865.7458
51	1	303233.5531	465657.7524	715939.3399	777945.1765	744003.5448	213041.9838	58171.60175	129844.8992	592123.3839	4077506.653
51	2	38607.78663	62726.82133	108378.5755	118582.9157	125383.81	33744.82576	7464.409776	20848.76759	82510.1155	528062.13
51	3	20746.33936	32961.50975	64136.27833	77013.44438	91996.64795	18154.92325	3894.263013	14765.69281	57606.35866	265683.5486
51	4	8806.509231	14127.04148	26390.65538	37983.68686	37548.21557	6725.995821	1513.617853	5682.272739	25270.80024	111865.7458
52	1	303233.5531	465657.7524	715939.3399	777945.1765	744003.5448	213041.9838	58171.60175	129844.8992	592123.3839	4077506.653
52	2	38607.78663	62726.82133	108378.5755	118582.9157	125383.81	33744.82576	7464.409776	20848.76759	82510.1155	528062.13
52	3	20746.33936	32961.50975	64136.27833	77013.44438	91996.64795	18154.92325	3894.263013	14765.69281	57606.35866	265683.5486
52	4	8806.509231	14127.04148	26390.65538	37983.68686	37548.21557	6725.995821	1513.617853	5682.272739	25270.80024	111865.7458
53	1	306878.1673	467952.1143	718874.9154	776287.9401	741142.2091	213763.6396	59524.25123	129078.362	591158.0883	4092016.136
53	2	40035.72199	65285.15705	110839.2557	124402.8273	125815.6204	34618.84566	7693.096987	21386.71254	83800.81955	549201.6811
53	3	21317.34981	33812.06194	64464.8177	75891.28961	93177.27547	18563.97526	4039.000353	14823.62837	57505.3698	272989.6082
53	4	9058.964295	14646.42279	26944.46199	39222.50525	38800.59364	6898.897042	1564.731795	5906.737538	26336.56634	113413.3772
54	1	306878.1673	467952.1143	718874.9154	776287.9401	741142.2091	213763.6396	59524.25123	129078.362	591158.0883	4092016.136
54	2	40035.72199	65285.15705	110839.2557	124402.8273	125815.6204	34618.84566	7693.096987	21386.71254	83800.81955	549201.6811
54	3	21317.34981	33812.06194	64464.8177	75891.28961	93177.27547	18563.97526	4039.000353	14823.62837	57505.3698	272989.6082
54	4	9058.964295	14646.42279	26944.46199	39222.50525	38800.59364	6898.897042	1564.731795	5906.737538	26336.56634	113413.3772
55	1	306878.1673	467952.1143	718874.9154	776287.9401	741142.2091	213763.6396	59524.25123	129078.362	591158.0883	4092016.136
55	2	40035.72199	65285.15705	110839.2557	124402.8273	125815.6204	34618.84566	7693.096987	21386.71254	83800.81955	549201.6811
55	3	21317.34981	33812.06194	64464.8177	75891.28961	93177.27547	18563.97526	4039.000353	14823.62837	57505.3698	272989.6082
55	4	9058.964295	14646.42279	26944.46199	39222.50525	38800.59364	6898.897042	1564.731795	5906.737538	26336.56634	113413.3772
56	1	306878.1673	467952.1143	718874.9154	776287.9401	741142.2091	213763.6396	59524.25123	129078.362	591158.0883	4092016.136
56	2	40035.72199	65285.15705	110839.2557	124402.8273	125815.6204	34618.84566	7693.096987	21386.71254	83800.81955	549201.6811
56	3	21317.34981	33812.06194	64464.8177	75891.28961	93177.27547	18563.97526	4039.000353	14823.62837	57505.3698	272989.6082
56	4	9058.964295	14646.42279	26944.46199	39222.50525	38800.59364	6898.897042	1564.731795	5906.737538	26336.56634	113413.3772
57	1	306878.1673	467952.1143	718874.9154	776287.9401	741142.2091	213763.6396	59524.25123	129078.362	591158.0883	4092016.136
57	2	40035.72199	65285.15705	110839.2557	124402.8273	125815.6204	34618.84566	7693.096987	21386.71254	83800.81955	549201.6811
57	3	21317.34981	33812.06194	64464.8177	75891.28961	93177.27547	18563.97526	4039.000353	14823.62837	57505.3698	272989.6082
57	4	9058.964295	14646.42279	26944.46199	39222.50525	38800.59364	6898.897042	1564.731795	5906.737538	26336.56634	113413.3772
58	1	306878.1673	467952.1143	718874.9154	776287.9401	741142.2091	213763.6396	59524.25123	129078.362	591158.0883	4092016.136
58	2	40035.72199	65285.15705	110839.2557	124402.8273	125815.6204	34618.84566	7693.096987	21386.71254	83800.81955	549201.6811
58	3	21317.34981	33812.06194	64464.8177	75891.28961	93177.27547	18563.97526	4039.000353	14823.62837	57505.3698	272989.6082
58	4	9058.964295	14646.42279	26944.46199	39222.50525	38800.59364	6898.897042	1564.731795	5906.737538	26336.56634	113413.3772
59	1	306878.1673	467952.1143	718874.9154	776287.9401	741142.2091	213763.6396	59524.25123	129078.362	591158.0883	4092016.136
59	2	40035.72199	65285.15705	110839.2557	124402.8273	125815.6204	34618.84566	7693.096987	21386.71254	83800.81955	549201.6811
59	3	21317.34981	33812.06194	64464.8177	75891.28961	93177.27547	18563.97526	4039.000353	14823.62837	57505.3698	272989.6082
59	4	9058.964295	14646.42279	26944.46199	39222.50525	38800.59364	6898.897042	1564.731795	5906.737538	26336.56634	113413.3772
60	1	306878.1673	467952.1143	718874.9154	776287.9401	741142.2091	213763.6396	59524.25123	129078.362	591158.0883	4092016.136
60	2	40035.72199	65285.15705	110839.2557	124402.8273	125815.6204	34618.84566	7693.096987	21386.71254	83800.81955	549201.6811
60	3	21317.34981	33812.06194	64464.8177	75891.28961	93177.27547	18563.97526	4039.000353	14823.62837	57505.3698	272989.6082
60	4	9058.964295	14646.42279	26944.46199	39222.50525	38800.59364	6898.897042	1564.731795	5906.737538	26336.56634	113413.3772
61	1	306878.1673	467952.1143	718874.9154	776287.9401	741142.2091	213763.6396	59524.25123	129078.362	591158.0883	4092016.136
61	2	40035.72199	65285.15705	110839.2557	124402.8273	125815.6204	34618.84566	7693.096987	21386.71254	83800.81955	549201.6811
61	3	21317.34981	33812.06194	64464.8177	75891.28961	93177.27547	18563.97526	4039.000353	14823.62837	57505.3698	272989.6082
61	4	9058.964295	14646.42279	26944.46199	39222.50525	38800.59364	6898.897042	1564.731795	5906.737538	26336.56634	113413.3772
62	1	306878.1673	467952.1143	718874.9154	776287.9401	741142.2091	213763.6396	59524.25123	129078.362	591158.0883	4092016.136
62	2	40035.72199	65285.15705	110839.2557	124402.8273	125815.6204	34618.84566	7693.096987	21386.71254	83800.81955	549201.6811
62	3	21317.34981	33812.06194	64464.8177	75891.28961	93177.27547	18563.97526	4039.000353	14823.62837	57505.3698	272989.6082
62	4	9058.964295	14646.42279	26944.46199	39222.50525	38800.59364	6898.897042	1564.731795	5906.737538	26336.56634	113413.3772
63	1	306878.1673	467952.1143	718874.9154	776287.9401	741142.2091	213763.6396	59524.25123	129078.362	591158.0883	4092016.136
63	2	40035.72199	65285.15705	110839.2557	124402.8273	125815.6204	34618.84566	7693.096987	21386.71254	83800.81955	549201.6811
63	3	21317.34981	33812.06194	64464.8177	75891.28961	93177.27547	18563.97526	4039.000353	14823.62837	57505.3698	272989.6082
63	4	9058.964295	14646.42279	26944.46199	39222.50525	38800.59364	6898.897042	1564.731795	5906.737538	26336.56634	113413.3772
64	1	306878.1673	467952.1143	718874.9154	776287.9401	741142.2091	213763.6396	59524.25123	129078.362	591158.0883	4092016.136
64	2	40035.72199	65285.15705	110839.2557	124402.8273	125815.6204	34618.84566	7693.096987	21386.71254	83800.81955	549201.6811
64	3	21317.34981	33812.06194	64464.8177	75891.28961	93177.27547	18563.97526	4039.000353	14823.62837	57505.3698	272989.6082
64	4	9058.964295	14646.42279	26944.46199	39222.50525	38800.59364	6898.897042	1564.731795	5906.737538	26336.56634	113413.3772
65	1	306878.1673	467952.1143	718874.9154	776287.9401	741142.2091	213763.6396	59524.25123	129078.362	591158.0883	4092016.136
65	2	40035.72199	65285.15705	110839.2557	124402.8273	125815.6204	34618.84566	7693.096987	21386.71254	83800.81955	549201.6811
65	3	21317.34981	33812.06194	64464.8177	75891.28961	93177.27547	18563.97526	4039.000353	14823.62837	57505.3698	272989.6082
65	4	9058.964295	14646.42279	26944.46199	39222.50525	38800.59364	6898.897042	1564.731795	5906.737538	26336.56634	113413.3772
66	1	306878.1673	467952.1143	718874.9154	776287.9401	741142.2091	213763.6396	59524.25123	129078.362	591158.0883	4092016.136
66	2	40035.72199	65285.15705	110839.2557	124402.8273	125815.6204	34618.84566	7693.096987	21386.71254	83800.81955	549201.6811
66	3	21317.34981	33812.06194	64464.8177	75891.28961	93177.27547	18563.97526	4039.000353	14823.62837	57505.3698	272989.6082
66	4	9058.964295	14646.42279	26944.46199	39222.50525	38800.59364	6898.897042	1564.731795	5906.737538	26336.56634	113413.3772
67	1	306878.1673	467952.1143	718874.9154	776287.9401	741142.2091	213763.6396	59524.25123	129078.362	591158.0883	4092016.136
67	2	40035.72199	65285.15705	110839.2557	124402.8273	125815.6204	34618.84566	7693.096987	21386.71254	83800.81955	549201.6811
67	3	21317.34981	33812.06194	64464.8177	75891.28961	93177.27547	18563.97526	4039.000353	14823.62837	57505.3698	272989.6082
67	4	9058.964295	14646.42279	26944.46199	39222.50525	38800.59364	6898.897042	1564.731795	5906.737538	26336.56634	113413.3772
68	1	306878.1673	467952.1143	718874.9154	776287.9401	741142.2091	213763.6396	59524.25123	129078.362	591158.0883	4092016.136
68	2	40035.72199	65285.15705	110839.2557	124402.8273	125815.6204	34618.84566	7693.096987	21386.71254	83800.81955	549201.6811
68	3	21317.34981	33812.06194	64464.8177	75891.28961	93177.27547	18563.97526	4039.000353	14823.62837	57505.3698	272989.6082
68	4	9058.964295	14646.42279	26944.46199	39222.50525	38800.59364	6898.897042	1564.731795	5906.737538	26336.56634	113413.3772
69	1	306878.1673	467952.1143	718874.9154	776287.9401	741142.2091	213763.6396	59524.25123	129078.362	591158.0883	4092016.136
69	2	40035.72199	65285.15705	110839.2557	124402.8273	125815.6204	34618.84566	7693.096987	21386.71254	83800.81955	549201.6811
69	3	21317.34981	33812.06194	64464.8177	75891.28961	93177.27547	18563.97526	4039.000353	14823.62837	57505.3698	272989.6082
69	4	9058.964295	14646.42279	26944.46199	39222.50525	38800.59364	6898.897042	1564.731795	5906.737538	26336.56634	113413.3772
70	1	306878.1673	467952.1143	718874.9154	776287.9401	741142.2091	213763.6396	59524.25123	129078.362	591158.0883	4092016.136
70	2	40035.72199	65285.15705	110839.2557	124402.8273	125815.6204	34618.84566	7693.096987	21386.71254	83800.81955	549201.6811
70	3	21317.34981	33812.06194	64464.8177	75891.28961	93177.27547	18563.97526	4039.000353	14823.62837	57505.3698	272989.6082
70	4	9058.964295	14646.42279	26944.46199	39222.50525	38800.59364	6898.897042	1564.731795	5906.737538	26336.56634	113413.3772
71	1	306878.1673	467952.1143	718874.9154	776287.9401	741142.2091	213763.6396	59524.25123	129078.362	591158.0883	4092016.136
71	2	40035.72199	65285.15705	110839.2557	124402.8273	125815.6204	34618.84566	7693.096987	21386.71254	83800.81955	549201.6811
71	3	21317.34981	33812.06194	64464.8177	75891.28961	93177.27547	18563.97526	4039.000353	14823.62837	57505.3698	272989.6082
71	4	9058.964295	14646.42279	26944.46199	39222.50525	38800.59364	6898.897042	1564.731795	5906.737538	26336.56634	113413.3772
72	1	306878.1673	467952.1143	718874.9154	776287.9401	741142.2091	213763.6396	59524.25123	129078.362	591158.0883	4092016.136
72	2	40035.72199	65285.15705	110839.2557	124402.8273	125815.6204	34618.84566	7693.096987	21386.71254	83800.81955	549201.6811
72	3	21317.34981	33812.06194	64464.8177	75891.28961	93177.27547	18563.97526	4039.000353	14823.62837	57505.3698	272989.6082
72	4	9058.964295	14646.42279	26944.46199	39222.50525	38800.59364	6898.897042	1564.731795	5906.737538	26336.56634	113413.3772
73	1	306878.1673	467952.1143	718874.9154	776287.9401	741142.2091	213763.6396	59524.25123	129078.362	591158.0883	4092016.136
73	2	40035.72199	65285.15705	110839.2557	124402.8273	125815.6204	34618.84566	7693.096987	21386.71254	83800.81955	549201.6811
73	3	21317.34981	33812.06194	64464.8177	75891.28961	93177.27547	18563.97526	4039.000353	14823.62837	57505.3698	272989.6082
73	4	9058.964295	14646.42279	26944.46199	39222.50525	38800.59364	6898.897042	1564.731795	5906.737538	26336.56634	113413.3772
74	1	306878.1673	467952.1143	718874.9154	776287.9401	741142.2091	213763.6396	59524.25123	129078.362	591158.0883	4092016.136
74	2	40035.72199	65285.15705	110839.2557	124402.8273	125815.6204	34618.84566	7693.096987	21386.71254	83800.81955	549201.6811
74	3	21317.34981	33812.06194	64464.8177	75891.28961	93177.27547	18563.97526	4039.000353	14823.62837	57505.3698	272989.6082
74	4	9058.964295	14646.42279	26944.46199	39222.50525	38800.59364	6898.897042	1564.731795	5906.737538	26336.56634	113413.3772
75	1	306878.1673	467952.1143	718874.9154	776287.9401	741142.2091	213763.6396	59524.25123	129078.362	591158.0883	4092016.136
75	2	40035.72199	65285.15705	110839.2557	124402.8273	125815.6204	34618.84566	7693.096987	21386.71254	83800.81955	549201.6811
75	3	21317.34981	33812.06194	64464.8177	75891.28961	93177.27547	18563.97526	4039.000353	14823.62837	57505.3698	272989.6082
75	4	9058.964295	14646.42279	26944.46199	39222.50525	38800.59364	6898.897042	1564.731795	5906.737538	26336.56634	113413.3772
76	1	306878.1673	467952.1143	718874.9154	776287.9401	741142.2091	213763.6396	59524.25123	129078.362	591158.0883	4092016.136
76	2	40035.72199	65285.15705	110839.2557	124402.8273	125815.6204	34618.84566	7693.096987	21386.71254	83800.81955	549201.6811
76	3	21317.34981	33812.06194	64464.8177	75891.28961	93177.27547	18563.97526	4039.000353	14823.62837	57505.3698	272989.6082
76	4	9058.964295	14646.42279	26944.46199	39222.50525	38800.59364	6898.897042	1564.731795	5906.737538	26336.56634	113413.3772
77	1	306878.1673	467952.1143	718874.9154	776287.9401	741142.2091	213763.6396	59524.25123	129078.362	591158.0883	4092016.136
77	2	40035.72199	65285.15705	110839.2557	124402.8273	125815.6204	34618.84566	7693.096987	21386.71254	83800.81955	549201.6811
77	3	21317.34981	33812.06194	64464.8177	75891.28961	93177.27547	18563.97526	4039.000353	14823.62837	57505.3698	272989.6082
77	4	9058.964295	14646.42279	26944.46199	39222.50525	38800.59364	6898.897042	1564.731795	5906.737538	26336.56634	113413.3772
78	1	306878.1673	467952.1143	718874.9154	776287.9401	741142.2091	213763.6396	59524.25123	129078.362	591158.0883	4092016.136
78	2	40035.72199	65285.15705	110839.2557	124402.8273	125815.6204	34618.84566	7693.096987	21386.71254	83800.81955	549201.6811
78	3	21317.34981	33812.06194	64464.8177	75891.28961	93177.27547	18563.97526	4039.000353	14823.62837	57505.3698	272989.6082
78	4	9058.964295	14646.42279	26944.46199	39222.50525	38800.59364	6898.897042	1564.731795	5906.737538	26336.56634	113413.3772
79	1	306878.1673	467952.1143	718874.9154	776287.9401	741142.2091	213763.6396	59524.25123	129078.362	591158.0883	4092016.136
79	2	40035.72199	65285.15705	110839.2557	124402.8273	125815.6204	34618.84566	7693.096987	21386.71254	83800.81955	549201.6811
79	3	21317.34981	33812.06194	64464.8177	75891.28961	93177.27547	18563.97526	4039.000353	14823.62837	57505.3698	272989.6082
79	4	9058.964295	14646.42279	26944.46199	39222.50525	38800.59364	6898.897042	1564.731795	5906.737538	26336.56634	113413.3772
80	1	306878.1673	467952.1143	718874.9154	776287.9401	741142.2091	213763.6396	59524.25123	129078.362	591158.0883	4092016.136
80	2	40035.72199	65285.15705	110839.2557	124402.8273	125815.6204	34618.84566	7693.096987	21386.71254	83800.81955	549201.6811
80	3	21317.34981	33812.06194	64464.8177	75891.28961	93177.27547	18563.97526	4039.000353	14823.62837	57505.3698	272989.6082
80	4	9058.964295	14646.42279	26944.46199	39222.50525	38800.59364	6898.897042	1564.731795	5906.737538	26336.56634	113413.3772
81	1	306878.1673	467952.1143	718874.9154	776287.9401	741142.2091	213763.6396	59524.25123	129078.362	591158.0883	4092016.136
81	2	40035.72199	65285.15705	110839.2557	124402.8273	125815.6204	34618.84566	7693.096987	21386.71254	83800.81955	549201.6811
81	3	21317.34981	33812.06194	64464.8177	75891.28961	93177.27547	18563.97526	4039.000353	14823.62837	57505.3698	272989.6082
81	4	9058.964295	14646.42279	26944.46199	39222.50525	38800.59364	6898.897042	1564.731795	5906.737538	26336.56634	113413.3772
82	1	306878.1673	467952.1143	718874.9154	776287.9401	741142.2091	213763.6396	59524.25123	129078.362	591158.0883	4092016.136
82	2	40035.72199	65285.15705	110839.2557	124402.8273	125815.6204	34618.84566	7693.096987	21386.71254	83800.81955	549201.6811
82	3	21317.34981	33812.06194	64464.8177	75891.28961	93177.27547	18563.97526	4039.000353	14823.62837	57505.3698	272989.6082
82	4	9058.964295	14646.42279	26944.46199	39222.50525	38800.59364	6898.897042	1564.731795	5906.737538	26336.56634	113413.3772
83	1	306878.1673	467952.1143	718874.9154	776287.9401	741142.2091	213763.6396	59524.25123	129078.362	591158.0883	4092016.136
83	2	40035.72199	65285.15705	110839.2557	124402.8273	125815.6204	34618.84566	7693.096987	21386.71254	83800.81955	549201.6811
83	3	21317.34981	33812.06194	64464.8177	75891.28961	93177.27547	18563.97526	4039.000353	14823.62837	57505.3698	272989.6082
83	4	9058.964295	14646.42279	26944.46199	39222.50525	38800.59364	6898.897042	1564.731795	5906.737538	26336.56634	113413.3772
84	1	306878.1673	467952.1143	718874.9154	776287.9401	741142.2091	213763.6396	59524.25123	129078.362	591158.0883	4092016.136
84	2	40035.72199	65285.15705	110839.2557	124402.8273	125815.6204	34618.84566	7693.096987	21386.71254	83800.81955	549201.6811
84	3	21317.34981	33812.06194	64464.8177	75891.28961	93177.27547	18563.97526	4039.000353	14823.62837	57505.3698	272989.6082
84	4	9058.964295	14646.42279	26944.46199	39222.50525	38800.59364	6898.897042	1564.731795	5906.737538	26336.56634	113413.3772
85	1	306878.1673	467952.1143	718874.9154	776287.9401	741142.2091	213763.6396	59524.25123	129078.362	591158.0883	4092016.136
85	2	40035.72199	65285.15705	110839.2557	124402.8273	125815.6204	34618.84566	7693.096987	21386.71254	83800.81955	549201.6811
85	3	21317.34981	33812.06194	64464.8177	75891.28961	93177.27547	18563.97526	4039.000353	14823.62837	57505.3698	272989.6082
85	4	9058.964295	14646.42279	26944.46199	39222.50525	38800.59364	6898.897042	1564.731795	5906.737538	26336.56634	113413.3772
86	1	306878.1673	467952.1143	718874.9154	776287.9401	741142.2091	213763.6396	59524.25123	129078.362	591158.0883	4092016.136
86	2	40035.72199	65285.15705	110839.2557	124402.8273	125815.6204	34618.84566	7693.096987	21386.71254	83800.81955	549201.6811
86	3	21317.34981	33812.06194	64464.8177	75891.28961	93177.27547	18563.97526	4039.000353	14823.62837	57505.3698	272989.6082
86	4	9058.964295	14646.42279	26944.46199	39222.50525	38800.59364	6898.897042	1564.731795	5906.737538	26336.56634	113413.3772
87	1	306878.1673	467952.1143	718874.9154	776287.9401	741142.2091	213763.6396	59524.25123	129078.362	591158.0883	4092016.136
87	2	40035.72199	65285.15705	110839.2557	124402.8273	125815.6204	34618.84566	7693.096987	21386.71254	83800.81955	549201.6811
87	3	21317.34981	33812.06194	64464.8177	75891.28961	93177.27547	18563.97526	4039.000353	14823.62837	57505.3698	272989.6082
87	4	9058.964295	14646.42279	26944.46199	39222.50525	38800.59364	6898.897042	1564.731795	5906.737538	26336.56634	113413.3772
88	1	306878.1673	467952.1143	718874.9154	776287.9401	741142.2091	213763.6396	59524.25123	129078.362	591158.0883	4092016.136
88	2	40035.72199	65285.15705	110839.2557	124402.8273	125815.6204	34618.84566	7693.096987	21386.71254	83800.81955	549201.6811
88	3	21317.34981	33812.06194	64464.8177	75891.28961	93177.27547	18563.97526	4039.000353	14823.62837	57505.3698	272989.6082
88	4	9058.964295	14646.42279	26944.46199	39222.50525	38800.59364	6898.897042	1564.731795	5906.737538	26336.56634	113413.3772
89	1	306878.1673	467952.1143	718874.9154	776287.9401	741142.2091	213763.6396	59524.25123	129078.362	591158.0883	4092016.136
89	2	40035.72199	65285.15705	110839.2557	124402.8273	125815.6204	34618.84566	7693.096987	21386.71254	83800.81955	549201.6811
89	3	21317.34981	33812.06194	64464.8177	75891.28961	93177.27547	18563.97526	4039.000353	14823.62837	57505.3698	272989.6082
89	4	9058.964295	14646.42279	26944.46199	39222.50525	38800.59364	6898.897042	1564.731795	5906.737538	26336.56634	113413.3772
90	1	306878.1673	467952.1143	718874.9154	776287.9401	741142.2091	213763.6396	59524.25123	129078.362	591158.0883	4092016.136
90	2	40035.72199	65285.15705	110839.2557	124402.8273	125815.6204	34618.84566	7693.096987	21386.71254	83800.81955	549201.6811
90	3	21317.34981	33812.06194	64464.8177	75891.28961	93177.27547	18563.97526	4039.000353	14823.62837	57505.3698	272989.6082
90	4	9058.964295	14646.42279	26944.46199	39222.50525	38800.59364	6898.897042	1564.731795	5906.737538	26336.56634	113413.3772
91	1	306878.1673	467952.1143	718874.9154	776287.9401	741142.2091	213763.6396	59524.25123	129078.362	591158.0883	4092016.136
91	2	40035.72199	65285.15705	110839.2557	124402.8273	125815.6204	34618.84566	7693.096987	21386.71254	83800.81955	549201.6811
91	3	21317.34981	33812.06194	64464.8177	75891.28961	93177.27547	18563.97526	4039.000353	14823.62837	57505.3698	272989.6082
91	4	9058.964295	14646.42279	26944.46199	39222.50525	38800.59364	6898.897042	1564.731795	5906.737538	26336.56634	113413.3772
92	1	306878.1673	467952.1143	718874.9154	776287.9401	741142.2091	213763.6396	59524.25123	129078.362	591158.0883	4092016.136
92	2	40035.72199	65285.15705	110839.2557	124402.8273	125815.6204	34618.84566	7693.096987	21386.71254	83800.81955	549201.6811
92	3	21317.34981	33812.06194	64464.8177	75891.28961	93177.27547	18563.97526	4039.000353	14823.62837	57505.3698	272989.6082
92	4	9058.964295	14646.42279	26944.46199	39222.50525	38800.59364	6898.897042	1564.731795	5906.737538	26336.56634	113413.3772
93	1	306878.1673	467952.1143	718874.9154	776287.9401	741142.2091	213763.6396	59524.25123	129078.362	591158.0883	4092016.136
93	2	40035.72199	65285.15705	110839.2557	124402.8273	125815.6204	34618.84566	7693.096987	21386.71254	83800.81955	549201.6811
93	3	21317.34981	33812.06194	64464.8177	75891.28961	93177.27547	18563.97526	4039.000353	14823.62837	57505.3698	272989.6082
93	4	9058.964295	14646.42279	26944.46199	39222.50525	38800.59364	6898.897042	1564.731795	5906.737538	26336.56634	113413.3772
94	1	306878.1673	467952.1143	718874.9154	776287.9401	741142.2091	213763.6396	59524.25123	129078.362	591158.0883	4092016.136
94	2	40035.72199	65285.15705	110839.2557	124402.8273	125815.6204	34618.84566	7693.096987	21386.71254	83800.81955	549201.6811
94	3	21317.34981	33812.06194	64464.8177	75891.28961	93177.27547	18563.97526	4039.000353	14823.62837	57505.3698	272989.6082
94	4	9058.964295	14646.42279	26944.46199	39222.50525	38800.59364	6898.897042	1564.731795	5906.737538	26336.56634	113413.3772
95	1	306878.1673	467952.1143	718874.9154	776287.9401	741142.2091	213763.6396	59524.25123	129078.362	591158.0883	4092016.136
95	2	40035.72199	65285.15705	110839.2557	124402.8273	125815.6204	34618.84566	7693.096987	21386.71254	83800.81955	549201.6811
95	3	21317.34981	33812.06194	64464.8177	75891.28961	93177.27547	18563.97526	4039.000353	14823.62837	57505.3698	272989.6082
95	4	9058.964295	14646.42279	26944.46199	39222.50525	38800.59364	6898.897042	1564.731795	5906.737538	26336.56634	113413.3772
96	1	306878.1673	467952.1143	718874.9154	776287.9401	741142.2091	213763.6396	59524.25123	129078.362	591158.0883	4092016.136
96	2	40035.72199	65285.15705	110839.2557	124402.8273	125815.6204	34618.84566	7693.096987	21386.71254	83800.81955	549201.6811
96	3	21317.34981	33812.06194	64464.8177	75891.28961	93177.27547	18563.97526	4039.000353	14823.62837	57505.3698	272989.6082
96	4	9058.964295	14646.42279	26944.46199	39222.50525	38800.59364	6898.897042	1564.731795	5906.737538	26336.56634	113413.3772
97	1	306878.1673	467952.1143	718874.9154	776287.9401	741142.2091	213763.6396	59524.25123	129078.362	591158.0883	4092016.136
97	2	40035.72199	65285.15705	110839.2557	124402.8273	125815.6204	34618.84566	7693.096987	21386.71254	83800.81955	549201.6811
97	3	21317.34981	33812.06194	64464.8177	75891.28961	93177.27547	18563.97526	4039.000353	14823.62837	57505.3698	272989.6082
97	4	9058.964295	14646.42279	26944.46199	39222.50525	38800.59364	6898.897042	1564.731795	5906.737538	26336.56634	113413.3772
98	1	306878.1673	467952.1143	718874.9154	776287.9401	741142.2091	213763.6396	59524.25123	129078.362	591158.0883	4092016.136
98	2	40035.72199	65285.15705	110839.2557	124402.8273	125815.6204	34618.84566	7693.096987	21386.71254	83800.81955	549201.6811
98	3	21317.34981	33812.06194	64464.8177	75891.28961	93177.27547	18563.97526	4039.000353	14823.62837	57505.3698	272989.6082
98	4	9058.964295	14646.42279	26944.46199	39222.50525	38800.59364	6898.897042	1564.731795	5906.737538	26336.56634	113413.3772
99	1	306878.1673	467952.1143	718874.9154	776287.9401	741142.2091	213763.6396	59524.25123	129078.362	591158.0883	4092016.136
99	2	40035.72199	65285.15705	110839.2557	124402.8273	125815.6204	34618.84566	7693.096987	21386.71254	83800.81955	549201.6811
99	3	21317.34981	33812.06194	64464.8177	75891.28961	93177.27547	18563.97526	4039.000353	14823.62837	57505.3698	272989.6082
99	4	9058.964295	14646.42279	26944.46199	39222.50525	38800.59364	6898.897042	1564.731795	5906.737538	26336.56634	113413.3772
100	1	306878.1673	467952.1143	718874.9154	776287.9401	741142.2091	213763.6396	59524.25123	129078.362	591158.0883	4092016.136
100	2	40035.72199	65285.15705	110839.2557	124402.8273	125815.6204	34618.84566	7693.096987	21386.71254	83800.81955	549201.6811
100	3	21317.34981	33812.06194	64464.8177	75891.28961	93177.27547	18563.97526	4039.000353	14823.62837	57505.3698	272989.6082
100	4	9058.964295	14646.42279	26944.46199	39222.50525	38800.59364	6898.897042	1564.731795	5906.737538	26336.56634	113413.3772
101	1	306878.1673	467952.1143	718874.9154	776287.9401	741142.2091	213763.6396	59524.25123	129078.362	591158.0883	4092016.136
101	2	40035.72199	65285.15705	110839.2557	124402.8273	125815.6204	34618.84566	7693.096987	21386.71254	83800.81955	549201.6811
101	3	21317.34981	33812.06194	64464.8177	75891.28961	93177.27547	18563.97526	4039.000353	14823.62837	57505.3698	272989.6082
101	4	9058.964295	14646.42279	26944.46199	39222.50525	38800.59364	6898.897042	1564.731795	5906.737538	26336.56634	113413.3772
102	1	306878.1673	467952.1143	718874.9154	776287.9401	741142.2091	213763.6396	59524.25123	129078.362	591158.0883	4092016.136
102	2	40035.72199	65285.15705	110839.2557	124402.8273	125815.6204	34618.84566	7693.096987	21386.71254	83800.81955	549201.6811
102	3	21317.34981	33812.06194	64464.8177	75891.28961	93177.27547	18563.97526	4039.000353	14823.62837	57505.3698	272989.6082
102	4	9058.964295	14646.42279	26944.46199	39222.50525	38800.59364	6898.897042	1564.731795	5906.737538	26336.56634	113413.3772
103	1	306878.1673	467952.1143	718874.9154	776287.9401	741142.2091	213763.6396	59524.25123	129078.362	591158.0883	4092016.136
103	2	40035.72199	65285.15705	110839.2557	124402.8273	125815.6204	34618.84566	7693.096987	21386.71254	83800.81955	549201.6811
103	3	21317.34981	33812.06194	64464.8177	75891.28961	93177.27547	18563.97526	4039.000353	14823.62837	57505.3698	272989.6082
103	4	9058.964295	14646.42279	26944.46199	39222.50525	38800.59364	6898.897042	1564.731795	5906.737538	26336.56634	113413.3772
104	1	306878.1673	467952.1143	718874.9154	776287.9401	741142.2091	213763.6396	59524.25123	129078.362	591158.0883	4092016.136
104	2	40035.72199	65285.15705	110839.2557	124402.8273	125815.6204	34618.84566	7693.096987	21386.71254	83800.81955	549201.6811
104	3	21317.34981	33812.06194	64464.8177	75891.28961	93177.27547	18563.97526	4039.000353	14823.62837	57505.3698	272989.6082
104	4	9058.964295	14646.42279	26944.46199	39222.50525	38800.59364	6898.897042	1564.731795	5906.737538	26336.56634	113413.3772
105	1	310872.2796	471345.9343	721076.9581	775201.8161	738720.8672	214573.5612	60776.02178	128314.3933	591466.4825	4101991.971
105	2	41432.03837	67841.99637	112512.3788	129152.1456	126911.14	35556.16665	7932.787436	21965.93375	85976.18278	568680.5374
105	3	22011.80167	34840.05651	65373.0984	75583.51504	93448.30565	18946.56578	4180.755385	14834.1347	56709.78093	282444.0796
105	4	9254.033365	15104.8957	27455.58452	40210.7548	39656.95914	7060.487892	1605.046987	6122.23308	27386.79102	114587.2807
106	1	310872.2796	471345.9343	721076.9581	775201.8161	738720.8672	214573.5612	60776.02178	128314.3933	591466.4825	4101991.971
106	2	41432.03837	67841.99637	112512.3788	129152.1456	126911.14	35556.16665	7932.787436	21965.93375	85976.18278	568680.5374
106	3	22011.80167	34840.05651	65373.0984	75583.51504	93448.30565	18946.56578	4180.755385	14834.1347	56709.78093	282444.0796
106	4	9254.033365	15104.8957	27455.58452	40210.7548	39656.95914	7060.487892	1605.046987	6122.23308	27386.79102	114587.2807
107	1	310872.2796	471345.9343	721076.9581	775201.8161	738720.8672	214573.5612	60776.02178	128314.3933	591466.4825	4101991.971
107	2	41432.03837	67841.99637	112512.3788	129152.1456	126911.14	35556.16665	7932.787436	21965.93375	85976.18278	568680.5374
107	3	22011.80167	34840.05651	65373.0984	75583.51504	93448.30565	18946.56578	4180.755385	14834.1347	56709.78093	282444.0796
107	4	9254.033365	15104.8957	27455.58452	40210.7548	39656.95914	7060.487892	1605.046987	6122.23308	27386.79102	114587.2807
108	1	310872.2796	471345.9343	721076.9581	775201.8161	738720.8672	214573.5612	60776.02178	128314.3933	591466.4825	4101991.971
108	2	41432.03837	67841.99637	112512.3788	129152.1456	126911.14	35556.16665	7932.787436	21965.93375	85976.18278	568680.5374
108	3	22011.80167	34840.05651	65373.0984	75583.51504	93448.30565	18946.56578	4180.755385	14834.1347	56709.78093	282444.0796
108	4	9254.033365	15104.8957	27455.58452	40210.7548	39656.95914	7060.487892	1605.046987	6122.23308	27386.79102	114587.2807
109	1	310872.2796	471345.9343	721076.9581	775201.8161	738720.8672	214573.5612	60776.02178	128314.3933	591466.4825	4101991.971
109	2	41432.03837	67841.99637	112512.3788	129152.1456	126911.14	35556.16665	7932.787436	21965.93375	85976.18278	568680.5374
109	3	22011.80167	34840.05651	65373.0984	75583.51504	93448.30565	18946.56578	4180.755385	14834.1347	56709.78093	282444.0796
109	4	9254.033365	15104.8957	27455.58452	40210.7548	39656.95914	7060.487892	1605.046987	6122.23308	27386.79102	114587.2807
110	1	310872.2796	471345.9343	721076.9581	775201.8161	738720.8672	214573.5612	60776.02178	128314.3933	591466.4825	4101991.971
110	2	41432.03837	67841.99637	112512.3788	129152.1456	126911.14	35556.16665	7932.787436	21965.93375	85976.18278	568680.5374
110	3	22011.80167	34840.05651	65373.0984	75583.51504	93448.30565	18946.56578	4180.755385	14834.1347	56709.78093	282444.0796
110	4	9254.033365	15104.8957	27455.58452	40210.7548	39656.95914	7060.487892	1605.046987	6122.23308	27386.79102	114587.2807
111	1	310872.2796	471345.9343	721076.9581	775201.8161	738720.8672	214573.5612	60776.02178	128314.3933	591466.4825	4101991.971
111	2	41432.03837	67841.99637	112512.3788	129152.1456	126911.14	35556.16665	7932.787436	21965.93375	85976.18278	568680.5374
111	3	22011.80167	34840.05651	65373.0984	75583.51504	93448.30565	18946.56578	4180.755385	14834.1347	56709.78093	282444.0796
111	4	9254.033365	15104.8957	27455.58452	40210.7548	39656.95914	7060.487892	1605.046987	6122.23308	27386.79102	114587.2807
112	1	310872.2796	471345.9343	721076.9581	775201.8161	738720.8672	214573.5612	60776.02178	128314.3933	591466.4825	4101991.971
112	2	41432.03837	67841.99637	112512.3788	129152.1456	126911.14	35556.16665	7932.787436	21965.93375	85976.18278	568680.5374
112	3	22011.80167	34840.05651	65373.0984	75583.51504	93448.30565	18946.56578	4180.755385	14834.1347	56709.78093	282444.0796
112	4	9254.033365	15104.8957	27455.58452	40210.7548	39656.95914	7060.487892	1605.046987	6122.23308	27386.79102	114587.2807
113	1	310872.2796	471345.9343	721076.9581	775201.8161	738720.8672	214573.5612	60776.02178	128314.3933	591466.4825	4101991.971
113	2	41432.03837	67841.99637	112512.3788	129152.1456	126911.14	35556.16665	7932.787436	21965.93375	85976.18278	568680.5374
113	3	22011.80167	34840.05651	65373.0984	75583.51504	93448.30565	18946.56578	4180.755385	14834.1347	56709.78093	282444.0796
113	4	9254.033365	15104.8957	27455.58452	40210.7548	39656.95914	7060.487892	1605.046987	6122.23308	27386.79102	114587.2807
114	1	310872.2796	471345.9343	721076.9581	775201.8161	738720.8672	214573.5612	60776.02178	128314.3933	591466.4825	4101991.971
114	2	41432.03837	67841.99637	112512.3788	129152.1456	126911.14	35556.16665	7932.787436	21965.93375	85976.18278	568680.5374
114	3	22011.80167	34840.05651	65373.0984	75583.51504	93448.30565	18946.56578	4180.755385	14834.1347	56709.78093	282444.0796
114	4	9254.033365	15104.8957	27455.58452	40210.7548	39656.95914	7060.487892	1605.046987	6122.23308	27386.79102	114587.2807
115	1	310872.2796	471345.9343	721076.9581	775201.8161	738720.8672	214573.5612	60776.02178	128314.3933	591466.4825	4101991.971
115	2	41432.03837	67841.99637	112512.3788	129152.1456	126911.14	35556.16665	7932.787436	21965.93375	85976.18278	568680.5374
115	3	22011.80167	34840.05651	65373.0984	75583.51504	93448.30565	18946.56578	4180.755385	14834.1347	56709.78093	282444.0796
115	4	9254.033365	15104.8957	27455.58452	40210.7548	39656.95914	7060.487892	1605.046987	6122.23308	27386.79102	114587.2807
116	1	310872.2796	471345.9343	721076.9581	775201.8161	738720.8672	214573.5612	60776.02178	128314.3933	591466.4825	4101991.971
116	2	41432.03837	67841.99637	112512.3788	129152.1456	126911.14	35556.16665	7932.787436	21965.93375	85976.18278	568680.5374
116	3	22011.80167	34840.05651	65373.0984	75583.51504	93448.30565	18946.56578	4180.755385	14834.1347	56709.78093	282444.0796
116	4	9254.033365	15104.8957	27455.58452	40210.7548	39656.95914	7060.487892	1605.046987	6122.23308	27386.79102	114587.2807
117	1	310872.2796	471345.9343	721076.9581	775201.8161	738720.8672	214573.5612	60776.02178	128314.3933	591466.4825	4101991.971
117	2	41432.03837	67841.99637	112512.3788	129152.1456	126911.14	35556.16665	7932.787436	21965.93375	85976.18278	568680.5374
117	3	22011.80167	34840.05651	65373.0984	75583.51504	93448.30565	18946.56578	4180.755385	14834.1347	56709.78093	282444.0796
117	4	9254.033365	15104.8957	27455.58452	40210.7548	39656.95914	7060.487892	1605.046987	6122.23308	27386.79102	114587.2807
118	1	310872.2796	471345.9343	721076.9581	775201.8161	738720.8672	214573.5612	60776.02178	128314.3933	591466.4825	4101991.971
118	2	41432.03837	67841.99637	112512.3788	129152.1456	126911.14	35556.16665	7932.787436	21965.93375	85976.18278	568680.5374
118	3	22011.80167	34840.05651	65373.0984	75583.51504	93448.30565	18946.56578	4180.755385	14834.1347	56709.78093	282444.0796
118	4	9254.033365	15104.8957	27455.58452	40210.7548	39656.95914	7060.487892	1605.046987	6122.23308	27386.79102	114587.2807
119	1	310872.2796	471345.9343	721076.9581	775201.8161	738720.8672	214573.5612	60776.02178	128314.3933	591466.4825	4101991.971
119	2	41432.03837	67841.99637	112512.3788	129152.1456	126911.14	35556.16665	7932.787436	21965.93375	85976.18278	568680.5374
119	3	22011.80167	34840.05651	65373.0984	75583.51504	93448.30565	18946.56578	4180.755385	14834.1347	56709.78093	282444.0796
119	4	9254.033365	15104.8957	27455.58452	40210.7548	39656.95914	7060.487892	1605.046987	6122.23308	27386.79102	114587.2807
120	1	310872.2796	471345.9343	721076.9581	775201.8161	738720.8672	214573.5612	60776.02178	128314.3933	591466.4825	4101991.971
120	2	41432.03837	67841.99637	112512.3788	129152.1456	126911.14	35556.16665	7932.787436	21965.93375	85976.18278	568680.5374
120	3	22011.80167	34840.05651	65373.0984	75583.51504	93448.30565	18946.56578	4180.755385	14834.1347	56709.78093	282444.0796
120	4	9254.033365	15104.8957	27455.58452	40210.7548	39656.95914	7060.487892	1605.046987	6122.23308	27386.79102	114587.2807
121	1	310872.2796	471345.9343	721076.9581	775201.8161	738720.8672	214573.5612	60776.02178	128314.3933	591466.4825	4101991.971
121	2	41432.03837	67841.99637	112512.3788	129152.1456	126911.14	35556.16665	7932.787436	21965.93375	85976.18278	568680.5374
121	3	22011.80167	34840.05651	65373.0984	75583.51504	93448.30565	18946.56578	4180.755385	14834.1347	56709.78093	282444.0796
121	4	9254.033365	15104.8957	27455.58452	40210.7548	39656.95914	7060.487892	1605.046987	6122.23308	27386.79102	114587.2807
122	1	310872.2796	471345.9343	721076.9581	775201.8161	738720.8672	214573.5612	60776.02178	128314.3933	591466.4825	4101991.971
122	2	41432.03837	67841.99637	112512.3788	129152.1456	126911.14	35556.16665	7932.787436	21965.93375	85976.18278	568680.5374
122	3	22011.80167	34840.05651	65373.0984	75583.51504	93448.30565	18946.56578	4180.755385	14834.1347	56709.78093	282444.0796
122	4	9254.033365	15104.8957	27455.58452	40210.7548	39656.95914	7060.487892	1605.046987	6122.23308	27386.79102	114587.2807
123	1	310872.2796	471345.9343	721076.9581	775201.8161	738720.8672	214573.5612	60776.02178	128314.3933	591466.4825	4101991.971
123	2	41432.03837	67841.99637	112512.3788	129152.1456	126911.14	35556.16665	7932.787436	21965.93375	85976.18278	568680.5374
123	3	22011.80167	34840.05651	65373.0984	75583.51504	93448.30565	18946.56578	4180.755385	14834.1347	56709.78093	282444.0796
123	4	9254.033365	15104.8957	27455.58452	40210.7548	39656.95914	7060.487892	1605.046987	6122.23308	27386.79102	114587.2807
124	1	310872.2796	471345.9343	721076.9581	775201.8161	738720.8672	214573.5612	60776.02178	128314.3933	591466.4825	4101991.971
124	2	41432.03837	67841.99637	112512.3788	129152.1456	126911.14	35556.16665	7932.787436	21965.93375	85976.18278	568680.5374
124	3	22011.80167	34840.05651	65373.0984	75583.51504	93448.30565	18946.56578	4180.755385	14834.1347	56709.78093	282444.0796
124	4	9254.033365	15104.8957	27455.58452	40210.7548	39656.95914	7060.487892	1605.046987	6122.23308	27386.79102	114587.2807
125	1	310872.2796	471345.9343	721076.9581	775201.8161	738720.8672	214573.5612	60776.02178	128314.3933	591466.4825	4101991.971
125	2	41432.03837	67841.99637	112512.3788	129152.1456	126911.14	35556.16665	7932.787436	21965.93375	85976.18278	568680.5374
125	3	22011.80167	34840.05651	65373.0984	75583.51504	93448.30565	18946.56578	4180.755385	14834.1347	56709.78093	282444.0796
125	4	9254.033365	15104.8957	27455.58452	40210.7548	39656.95914	7060.487892	1605.046987	6122.23308	27386.79102	114587.2807
126	1	310872.2796	471345.9343	721076.9581	775201.8161	738720.8672	214573.5612	60776.02178	128314.3933	591466.4825	4101991.971
126	2	41432.03837	67841.99637	112512.3788	129152.1456	126911.14	35556.16665	7932.787436	21965.93375	85976.18278	568680.5374
126	3	22011.80167	34840.05651	65373.0984	75583.51504	93448.30565	18946.56578	4180.755385	14834.1347	56709.78093	282444.0796
126	4	9254.033365	15104.8957	27455.58452	40210.7548	39656.95914	7060.487892	1605.046987	6122.23308	27386.79102	114587.2807
127	1	310872.2796	471345.9343	721076.9581	775201.8161	738720.8672	214573.5612	60776.02178	128314.3933	591466.4825	4101991.971
127	2	41432.03837	67841.99637	112512.3788	129152.1456	126911.14	35556.16665	7932.787436	21965.93375	85976.18278	568680.5374
127	3	22011.80167	34840.05651	65373.0984	75583.51504	93448.30565	18946.56578	4180.755385	14834.1347	56709.78093	282444.0796
127	4	9254.033365	15104.8957	27455.58452	40210.7548	39656.95914	7060.487892	1605.046987	6122.23308	27386.79102	114587.2807
128	1	310872.2796	471345.9343	721076.9581	775201.8161	738720.8672	214573.5612	60776.02178	128314.3933	591466.4825	4101991.971
128	2	41432.03837	67841.99637	112512.3788	129152.1456	126911.14	35556.16665	7932.787436	21965.93375	85976.18278	568680.5374
128	3	22011.80167	34840.05651	65373.0984	75583.51504	93448.30565	18946.56578	4180.755385	14834.1347	56709.78093	282444.0796
128	4	9254.033365	15104.8957	27455.58452	40210.7548	39656.95914	7060.487892	1605.046987	6122.23308	27386.79102	114587.2807
129	1	310872.2796	471345.9343	721076.9581	775201.8161	738720.8672	214573.5612	60776.02178	128314.3933	591466.4825	4101991.971
129	2	41432.03837	67841.99637	112512.3788	129152.1456	126911.14	35556.16665	7932.787436	21965.93375	85976.18278	568680.5374
129	3	22011.80167	34840.05651	65373.0984	75583.51504	93448.30565	18946.56578	4180.755385	14834.1347	56709.78093	282444.0796
129	4	9254.033365	15104.8957	27455.58452	40210.7548	39656.95914	7060.487892	1605.046987	6122.23308	27386.79102	114587.2807
130	1	310872.2796	471345.9343	721076.9581	775201.8161	738720.8672	214573.5612	60776.02178	128314.3933	591466.4825	4101991.971
130	2	41432.03837	67841.99637	112512.3788	129152.1456	126911.14	35556.16665	7932.787436	21965.93375	85976.18278	568680.5374
130	3	22011.80167	34840.05651	65373.0984	75583.51504	93448.30565	18946.56578	4180.755385	14834.1347	56709.78093	282444.0796
130	4	9254.033365	15104.8957	27455.58452	40210.7548	39656.95914	7060.487892	1605.046987	6122.23308	27386.79102	114587.2807
131	1	310872.2796	471345.9343	721076.9581	775201.8161	738720.8672	214573.5612	60776.02178	128314.3933	591466.4825	4101991.971
131	2	41432.03837	67841.99637	112512.3788	129152.1456	126911.14	35556.16665	7932.787436	21965.93375	85976.18278	568680.5374
131	3	22011.80167	34840.05651	65373.0984	75583.51504	93448.30565	18946.56578	4180.755385	14834.1347	56709.78093	282444.0796
131	4	9254.033365	15104.8957	27455.58452	40210.7548	39656.95914	7060.487892	1605.046987	6122.23308	27386.79102	114587.2807
132	1	310872.2796	471345.9343	721076.9581	775201.8161	738720.8672	214573.5612	60776.02178	128314.3933	591466.4825	4101991.971
132	2	41432.03837	67841.99637	112512.3788	129152.1456	126911.14	35556.16665	7932.787436	21965.93375	85976.18278	568680.5374
132	3	22011.80167	34840.05651	65373.0984	75583.51504	93448.30565	18946.56578	4180.755385	14834.1347	56709.78093	282444.0796
132	4	9254.033365	15104.8957	27455.58452	40210.7548	39656.95914	7060.487892	1605.046987	6122.23308	27386.79102	114587.2807
133	1	310872.2796	471345.9343	721076.9581	775201.8161	738720.8672	214573.5612	60776.02178	128314.3933	591466.4825	4101991.971
133	2	41432.03837	67841.99637	112512.3788	129152.1456	126911.14	35556.16665	7932.787436	21965.93375	85976.18278	568680.5374
133	3	22011.80167	34840.05651	65373.0984	75583.51504	93448.30565	18946.56578	4180.755385	14834.1347	56709.78093	282444.0796
133	4	9254.033365	15104.8957	27455.58452	40210.7548	39656.95914	7060.487892	1605.046987	6122.23308	27386.79102	114587.2807
134	1	310872.2796	471345.9343	721076.9581	775201.8161	738720.8672	214573.5612	60776.02178	128314.3933	591466.4825	4101991.971
134	2	41432.03837	67841.99637	112512.3788	129152.1456	126911.14	35556.16665	7932.787436	21965.93375	85976.18278	568680.5374
134	3	22011.80167	34840.05651	65373.0984	75583.51504	93448.30565	18946.56578	4180.755385	14834.1347	56709.78093	282444.0796
134	4	9254.033365	15104.8957	27455.58452	40210.7548	39656.95914	7060.487892	1605.046987	6122.23308	27386.79102	114587.2807
135	1	310872.2796	471345.9343	721076.9581	775201.8161	738720.8672	214573.5612	60776.02178	128314.3933	591466.4825	4101991.971
135	2	41432.03837	67841.99637	112512.3788	129152.1456	126911.14	35556.16665	7932.787436	21965.93375	85976.18278	568680.5374
135	3	22011.80167	34840.05651	65373.0984	75583.51504	93448.30565	18946.56578	4180.755385	14834.1347	56709.78093	282444.0796
135	4	9254.033365	15104.8957	27455.58452	40210.7548	39656.95914	7060.487892	1605.046987	6122.23308	27386.79102	114587.2807
136	1	310872.2796	471345.9343	721076.9581	775201.8161	738720.8672	214573.5612	60776.02178	128314.3933	591466.4825	4101991.971
136	2	41432.03837	67841.99637	112512.3788	129152.1456	126911.14	35556.16665	7932.787436	21965.93375	85976.18278	568680.5374
136	3	22011.80167	34840.05651	65373.0984	75583.51504	93448.30565	18946.56578	4180.755385	14834.1347	56709.78093	282444.0796
136	4	9254.033365	15104.8957	27455.58452	40210.7548	39656.95914	7060.487892	1605.046987	6122.23308	27386.79102	114587.2807
137	1	310872.2796	471345.9343	721076.9581	775201.8161	738720.8672	214573.5612	60776.02178	128314.3933	591466.4825	4101991.971
137	2	41432.03837	67841.99637	112512.3788	129152.1456	126911.14	35556.16665	7932.787436	21965.93375	85976.18278	568680.5374
137	3	22011.80167	34840.05651	65373.0984	75583.51504	93448.30565	18946.56578	4180.755385	14834.1347	56709.78093	282444.0796
137	4	9254.033365	15104.8957	27455.58452	40210.7548	39656.95914	7060.487892	1605.046987	6122.23308	27386.79102	114587.2807
138	1	310872.2796	471345.9343	721076.9581	775201.8161	738720.8672	214573.5612	60776.02178	128314.3933	591466.4825	4101991.971
138	2	41432.03837	67841.99637	112512.3788	129152.1456	126911.14	35556.16665	7932.787436	21965.93375	85976.18278	568680.5374
138	3	22011.80167	34840.05651	65373.0984	75583.51504	93448.30565	18946.56578	4180.755385	14834.1347	56709.78093	282444.0796
138	4	9254.033365	15104.8957	27455.58452	40210.7548	39656.95914	7060.487892	1605.046987	6122.23308	27386.79102	114587.2807
139	1	310872.2796	471345.9343	721076.9581	775201.8161	738720.8672	214573.5612	60776.02178	128314.3933	591466.4825	4101991.971
139	2	41432.03837	67841.99637	112512.3788	129152.1456	126911.14	35556.16665	7932.787436	21965.93375	85976.18278	568680.5374
139	3	22011.80167	34840.05651	65373.0984	75583.51504	93448.30565	18946.56578	4180.755385	14834.1347	56709.78093	282444.0796
139	4	9254.033365	15104.8957	27455.58452	40210.7548	39656.95914	7060.487892	1605.046987	6122.23308	27386.79102	114587.2807
140	1	310872.2796	471345.9343	721076.9581	775201.8161	738720.8672	214573.5612	60776.02178	128314.3933	591466.4825	4101991.971
140	2	41432.03837	67841.99637	112512.3788	129152.1456	126911.14	35556.16665	7932.787436	21965.93375	85976.18278	568680.5374
140	3	22011.80167	34840.05651	65373.0984	75583.51504	93448.30565	18946.56578	4180.755385	14834.1347	56709.78093	282444.0796
140	4	9254.033365	15104.8957	27455.58452	40210.7548	39656.95914	7060.487892	1605.046987	6122.23308	27386.79102	114587.2807
141	1	310872.2796	471345.9343	721076.9581	775201.8161	738720.8672	214573.5612	60776.02178	128314.3933	591466.4825	4101991.971
141	2	41432.03837	67841.99637	112512.3788	129152.1456	126911.14	35556.16665	7932.787436	21965.93375	85976.18278	568680.5374
141	3	22011.80167	34840.05651	65373.0984	75583.51504	93448.30565	18946.56578	4180.755385	14834.1347	56709.78093	282444.0796
141	4	9254.033365	15104.8957	27455.58452	40210.7548	39656.95914	7060.487892	1605.046987	6122.23308	27386.79102	114587.2807
142	1	310872.2796	471345.9343	721076.9581	775201.8161	738720.8672	214573.5612	60776.02178	128314.3933	591466.4825	4101991.971
142	2	41432.03837	67841.99637	112512.3788	129152.1456	126911.14	35556.16665	7932.787436	21965.93375	85976.18278	568680.5374
142	3	22011.80167	34840.05651	65373.0984	75583.51504	93448.30565	18946.56578	4180.755385	14834.1347	56709.78093	282444.0796
142	4	9254.033365	15104.8957	27455.58452	40210.7548	39656.95914	7060.487892	1605.046987	6122.23308	27386.79102	114587.2807
143	1	310872.2796	471345.9343	721076.9581	775201.8161	738720.8672	214573.5612	60776.02178	128314.3933	591466.4825	4101991.971
143	2	41432.03837	67841.99637	112512.3788	129152.1456	126911.14	35556.16665	7932.787436	21965.93375	85976.18278	568680.5374
143	3	22011.80167	34840.05651	65373.0984	75583.51504	93448.30565	18946.56578	4180.755385	14834.1347	56709.78093	282444.0796
143	4	9254.033365	15104.8957	27455.58452	40210.7548	39656.95914	7060.487892	1605.046987	6122.23308	27386.79102	114587.2807
144	1	310872.2796	471345.9343	721076.9581	775201.8161	738720.8672	214573.5612	60776.02178	128314.3933	591466.4825	4101991.971
144	2	41432.03837	67841.99637	112512.3788	129152.1456	126911.14	35556.16665	7932.787436	21965.93375	85976.18278	568680.5374
144	3	22011.80167	34840.05651	65373.0984	75583.51504	93448.30565	18946.56578	4180.755385	14834.1347	56709.78093	282444.0796
144	4	9254.033365	15104.8957	27455.58452	40210.7548	39656.95914	7060.487892	1605.046987	6122.23308	27386.79102	114587.2807
145	1	310872.2796	471345.9343	721076.9581	775201.8161	738720.8672	214573.5612	60776.02178	128314.3933	591466.4825	4101991.971
145	2	41432.03837	67841.99637	112512.3788	129152.1456	126911.14	35556.16665	7932.787436	21965.93375	85976.18278	568680.5374
145	3	22011.80167	34840.05651	65373.0984	75583.51504	93448.30565	18946.56578	4180.755385	14834.1347	56709.78093	282444.0796
145	4	9254.033365	15104.8957	27455.58452	40210.7548	39656.95914	7060.487892	1605.046987	6122.23308	27386.79102	114587.2807
146	1	310872.2796	471345.9343	721076.9581	775201.8161	738720.8672	214573.5612	60776.02178	128314.3933	591466.4825	4101991.971
146	2	41432.03837	67841.99637	112512.3788	129152.1456	126911.14	35556.16665	7932.787436	21965.93375	85976.18278	568680.5374
146	3	22011.80167	34840.05651	65373.0984	75583.51504	93448.30565	18946.56578	4180.755385	14834.1347	56709.78093	282444.0796
146	4	9254.033365	15104.8957	27455.58452	40210.7548	39656.95914	7060.487892	1605.046987	6122.23308	27386.79102	114587.2807
147	1	310872.2796	471345.9343	721076.9581	775201.8161	738720.8672	214573.5612	60776.02178	128314.3933	591466.4825	4101991.971
147	2	41432.03837	67841.99637	112512.3788	129152.1456	126911.14	35556.16665	7932.787436	21965.93375	85976.18278	568680.5374
147	3	22011.80167	34840.05651	65373.0984	75583.51504	93448.30565	18946.56578	4180.755385	14834.1347	56709.78093	282444.0796
147	4	9254.033365	15104.8957	27455.58452	40210.7548	39656.95914	7060.487892	1605.046987	6122.23308	27386.79102	114587.2807
148	1	310872.2796	471345.9343	721076.9581	775201.8161	738720.8672	214573.5612	60776.02178	128314.3933	591466.4825	4101991.971
148	2	41432.03837	67841.99637	112512.3788	129152.1456	126911.14	35556.16665	7932.787436	21965.93375	85976.18278	568680.5374
148	3	22011.80167	34840.05651	65373.0984	75583.51504	93448.30565	18946.56578	4180.755385	14834.1347	56709.78093	282444.0796
148	4	9254.033365	15104.8957	27455.58452	40210.7548	39656.95914	7060.487892	1605.046987	6122.23308	27386.79102	114587.2807
149	1	310872.2796	471345.9343	721076.9581	775201.8161	738720.8672	214573.5612	60776.02178	128314.3933	591466.4825	4101991.971
149	2	41432.03837	67841.99637	112512.3788	129152.1456	126911.14	35556.16665	7932.787436	21965.93375	85976.18278	568680.5374
149	3	22011.80167	34840.05651	65373.0984	75583.51504	93448.30565	18946.56578	4180.755385	14834.1347	56709.78093	282444.0796
149	4	9254.033365	15104.8957	27455.58452	40210.7548	39656.95914	7060.487892	1605.046987	6122.23308	27386.79102	114587.2807
150	1	310872.2796	471345.9343	721076.9581	775201.8161	738720.8672	214573.5612	60776.02178	128314.3933	591466.4825	4101991.971
150	2	41432.03837	67841.99637	112512.3788	129152.1456	126911.14	35556.16665	7932.787436	21965.93375	85976.18278	568680.5374
150	3	22011.80167	34840.05651	65373.0984	75583.51504	93448.30565	18946.56578	4180.755385	14834.1347	56709.78093	282444.0796
150	4	9254.033365	15104.8957	27455.58452	40210.7548	39656.95914	7060.487892	1605.046987	6122.23308	27386.79102	114587.2807
151	1	310872.2796	471345.9343	721076.9581	775201.8161	738720.8672	214573.5612	60776.02178	128314.3933	591466.4825	4101991.971
151	2	41432.03837	67841.99637	112512.3788	129152.1456	126911.14	35556.16665	7932.787436	21965.93375	85976.18278	568680.5374
151	3	22011.80167	34840.05651	65373.0984	75583.51504	93448.30565	18946.56578	4180.755385	14834.1347	56709.78093	282444.0796
151	4	9254.033365	15104.8957	27455.58452	40210.7548	39656.95914	7060.487892	1605.046987	6122.23308	27386.79102	114587.2807
152	1	310872.2796	471345.9343	721076.9581	775201.8161	738720.8672	214573.5612	60776.02178	128314.3933	591466.4825	4101991.971
152	2	41432.03837	67841.99637	112512.3788	129152.1456	126911.14	35556.16665	7932.787436	21965.93375	85976.18278	568680.5374
152	3	22011.80167	34840.05651	65373.0984	75583.51504	93448.30565	18946.56578	4180.755385	14834.1347	56709.78093	282444.0796
152	4	9254.033365	15104.8957	27455.58452	40210.7548	39656.95914	7060.487892	1605.046987	6122.23308	27386.79102	114587.2807
153	1	310872.2796	471345.9343	721076.9581	775201.8161	738720.8672	214573.5612	60776.02178	128314.3933	591466.4825	4101991.971
153	2	41432.03837	67841.99637	112512.3788	129152.1456	126911.14	35556.16665	7932.787436	21965.93375	85976.18278	568680.5374
153	3	22011.80167	34840.05651	65373.0984	75583.51504	93448.30565	18946.56578	4180.755385	14834.1347	56709.78093	282444.0796
153	4	9254.033365	15104.8957	27455.58452	40210.7548	39656.95914	7060.487892	1605.046987	6122.23308	27386.79102	114587.2807
154	1	310872.2796	471345.9343	721076.9581	775201.8161	738720.8672	214573.5612	60776.02178	128314.3933	591466.4825	4101991.971
154	2	41432.03837	67841.99637	112512.3788	129152.1456	126911.14	35556.16665	7932.787436	21965.93375	85976.18278	568680.5374
154	3	22011.80167	34840.05651	65373.0984	75583.51504	93448.30565	18946.56578	4180.755385	14834.1347	56709.78093	282444.0796
154	4	9254.033365	15104.8957	27455.58452	40210.7548	39656.95914	7060.487892	1605.046987	6122.23308	27386.79102	114587.2807
155	1	310872.2796	471345.9343	721076.9581	775201.8161	738720.8672	214573.5612	60776.02178	128314.3933	591466.4825	4101991.971
155	2	41432.03837	67841.99637	112512.3788	129152.1456	126911.14	35556.16665	7932.787436	21965.93375	85976.18278	568680.5374
155	3	22011.80167	34840.05651	65373.0984	75583.51504	93448.30565	18946.56578	4180.755385	14834.1347	56709.78093	282444.0796
155	4	9254.033365	15104.8957	27455.58452	40210.7548	39656.95914	7060.487892	1605.046987	6122.23308	27386.79102	114587.2807
156	1	310872.2796	471345.9343	721076.9581	775201.8161	738720.8672	214573.5612	60776.02178	128314.3933	591466.4825	4101991.971
156	2	41432.03837	67841.99637	112512.3788	129152.1456	126911.14	35556.16665	7932.787436	21965.93375	85976.18278	568680.5374
156	3	22011.80167	34840.05651	65373.0984	75583.51504	93448.30565	18946.56578	4180.755385	14834.1347	56709.78093	282444.0796
156	4	9254.033365	15104.8957	27455.58452	40210.7548	39656.95914	7060.487892	1605.046987	6122.23308	27386.79102	114587.2807
157	1	314816.8785	475464.5912	722999.0005	775254.3113	736394.8135	215433.3662	61843.2842	127743.4999	593706.1206	4107186.196
157	2	42795.3599	70386.28185	113524.1825	133396.594	127991.3343	36383.07216	8205.518622	22467.24198	87495.20574	585422.051
157	3	22801.89888	36127.02697	67108.45796	75978.71996	93776.5486	19476.18649	4312.025192	14981.1893	56842.90099	295356.3896
157	4	9458.465449	15522.07494	27852.9342	41096.62781	40525.67253	7199.623806	1632.935962	6331.006804	28457.62475	115992.5008
158	1	314816.8785	475464.5912	722999.0005	775254.3113	736394.8135	215433.3662	61843.2842	127743.4999	593706.1206	4107186.196
158	2	42795.3599	70386.28185	113524.1825	133396.594	127991.3343	36383.07216	8205.518622	22467.24198	87495.20574	585422.051
158	3	22801.89888	36127.02697	67108.45796	75978.71996	93776.5486	19476.18649	4312.025192	14981.1893	56842.90099	295356.3896
158	4	9458.465449	15522.07494	27852.9342	41096.62781	40525.67253	7199.623806	1632.935962	6331.006804	28457.62475	115992.5008
159	1	314816.8785	475464.5912	722999.0005	775254.3113	736394.8135	215433.3662	61843.2842	127743.4999	593706.1206	4107186.196
159	2	42795.3599	70386.28185	113524.1825	133396.594	127991.3343	36383.07216	8205.518622	22467.24198	87495.20574	585422.051
159	3	22801.89888	36127.02697	67108.45796	75978.71996	93776.5486	19476.18649	4312.025192	14981.1893	56842.90099	295356.3896
159	4	9458.465449	15522.07494	27852.9342	41096.62781	40525.67253	7199.623806	1632.935962	6331.006804	28457.62475	115992.5008
160	1	314816.8785	475464.5912	722999.0005	775254.3113	736394.8135	215433.3662	61843.2842	127743.4999	593706.1206	4107186.196
160	2	42795.3599	70386.28185	113524.1825	133396.594	127991.3343	36383.07216	8205.518622	22467.24198	87495.20574	585422.051
160	3	22801.89888	36127.02697	67108.45796	75978.71996	93776.5486	19476.18649	4312.025192	14981.1893	56842.90099	295356.3896
160	4	9458.465449	15522.07494	27852.9342	41096.62781	40525.67253	7199.623806	1632.935962	6331.006804	28457.62475	115992.5008
161	1	314816.8785	475464.5912	722999.0005	775254.3113	736394.8135	215433.3662	61843.2842	127743.4999	593706.1206	4107186.196
161	2	42795.3599	70386.28185	113524.1825	133396.594	127991.3343	36383.07216	8205.518622	22467.24198	87495.20574	585422.051
161	3	22801.89888	36127.02697	67108.45796	75978.71996	93776.5486	19476.18649	4312.025192	14981.1893	56842.90099	295356.3896
161	4	9458.465449	15522.07494	27852.9342	41096.62781	40525.67253	7199.623806	1632.935962	6331.006804	28457.62475	115992.5008
162	1	314816.8785	475464.5912	722999.0005	775254.3113	736394.8135	215433.3662	61843.2842	127743.4999	593706.1206	4107186.196
162	2	42795.3599	70386.28185	113524.1825	133396.594	127991.3343	36383.07216	8205.518622	22467.24198	87495.20574	585422.051
162	3	22801.89888	36127.02697	67108.45796	75978.71996	93776.5486	19476.18649	4312.025192	14981.1893	56842.90099	295356.3896
162	4	9458.465449	15522.07494	27852.9342	41096.62781	40525.67253	7199.623806	1632.935962	6331.006804	28457.62475	115992.5008
163	1	314816.8785	475464.5912	722999.0005	775254.3113	736394.8135	215433.3662	61843.2842	127743.4999	593706.1206	4107186.196
163	2	42795.3599	70386.28185	113524.1825	133396.594	127991.3343	36383.07216	8205.518622	22467.24198	87495.20574	585422.051
163	3	22801.89888	36127.02697	67108.45796	75978.71996	93776.5486	19476.18649	4312.025192	14981.1893	56842.90099	295356.3896
163	4	9458.465449	15522.07494	27852.9342	41096.62781	40525.67253	7199.623806	1632.935962	6331.006804	28457.62475	115992.5008
164	1	314816.8785	475464.5912	722999.0005	775254.3113	736394.8135	215433.3662	61843.2842	127743.4999	593706.1206	4107186.196
164	2	42795.3599	70386.28185	113524.1825	133396.594	127991.3343	36383.07216	8205.518622	22467.24198	87495.20574	585422.051
164	3	22801.89888	36127.02697	67108.45796	75978.71996	93776.5486	19476.18649	4312.025192	14981.1893	56842.90099	295356.3896
164	4	9458.465449	15522.07494	27852.9342	41096.62781	40525.67253	7199.623806	1632.935962	6331.006804	28457.62475	115992.5008
165	1	314816.8785	475464.5912	722999.0005	775254.3113	736394.8135	215433.3662	61843.2842	127743.4999	593706.1206	4107186.196
165	2	42795.3599	70386.28185	113524.1825	133396.594	127991.3343	36383.07216	8205.518622	22467.24198	87495.20574	585422.051
165	3	22801.89888	36127.02697	67108.45796	75978.71996	93776.5486	19476.18649	4312.025192	14981.1893	56842.90099	295356.3896
165	4	9458.465449	15522.07494	27852.9342	41096.62781	40525.67253	7199.623806	1632.935962	6331.006804	28457.62475	115992.5008
166	1	314816.8785	475464.5912	722999.0005	775254.3113	736394.8135	215433.3662	61843.2842	127743.4999	593706.1206	4107186.196
166	2	42795.3599	70386.28185	113524.1825	133396.594	127991.3343	36383.07216	8205.518622	22467.24198	87495.20574	585422.051
166	3	22801.89888	36127.02697	67108.45796	75978.71996	93776.5486	19476.18649	4312.025192	14981.1893	56842.90099	295356.3896
166	4	9458.465449	15522.07494	27852.9342	41096.62781	40525.67253	7199.623806	1632.935962	6331.006804	28457.62475	115992.5008
167	1	314816.8785	475464.5912	722999.0005	775254.3113	736394.8135	215433.3662	61843.2842	127743.4999	593706.1206	4107186.196
167	2	42795.3599	70386.28185	113524.1825	133396.594	127991.3343	36383.07216	8205.518622	22467.24198	87495.20574	585422.051
167	3	22801.89888	36127.02697	67108.45796	75978.71996	93776.5486	19476.18649	4312.025192	14981.1893	56842.90099	295356.3896
167	4	9458.465449	15522.07494	27852.9342	41096.62781	40525.67253	7199.623806	1632.935962	6331.006804	28457.62475	115992.5008
168	1	314816.8785	475464.5912	722999.0005	775254.3113	736394.8135	215433.3662	61843.2842	127743.4999	593706.1206	4107186.196
168	2	42795.3599	70386.28185	113524.1825	133396.594	127991.3343	36383.07216	8205.518622	22467.24198	87495.20574	585422.051
168	3	22801.89888	36127.02697	67108.45796	75978.71996	93776.5486	19476.18649	4312.025192	14981.1893	56842.90099	295356.3896
168	4	9458.465449	15522.07494	27852.9342	41096.62781	40525.67253	7199.623806	1632.935962	6331.006804	28457.62475	115992.5008
169	1	314816.8785	475464.5912	722999.0005	775254.3113	736394.8135	215433.3662	61843.2842	127743.4999	593706.1206	4107186.196
169	2	42795.3599	70386.28185	113524.1825	133396.594	127991.3343	36383.07216	8205.518622	22467.24198	87495.20574	585422.051
169	3	22801.89888	36127.02697	67108.45796	75978.71996	93776.5486	19476.18649	4312.025192	14981.1893	56842.90099	295356.3896
169	4	9458.465449	15522.07494	27852.9342	41096.62781	40525.67253	7199.623806	1632.935962	6331.006804	28457.62475	115992.5008
											
											
											
											
											
											
											
											
											
											
											
											
											
											
											
											
											
											
											
											
											
											
											
											
											
											
											
											
											
											
											
											
											
											
											
											
											
											
											
											
											
											
											
											
											
											
											
											
											
											
											
											
											
											
											
											
											
											
											
											
											
											
											
											
											
											
											
											
											
											
											
											
											
											
											
											
											
											
											
											
											
											
											
											
											
											
											
											
											
											
											
											
											
											
											
											
											
											
											
											
											
											
											
											
											
											
											
											
											
											
											
											
											
											
											
											
											
											
											
											
											
											
											
											
											
											
											
											
											
											
											
											
											
											
											
											
											
											
											
											
											
											
											
											
											
											
											
											
											
											
											
											
											
											
											
											
											
											
											
											
											
											
											
											
											
											
											
											
											
											
											
											
											
											
											
											
											
											
											
											
											
											
											
											
											
											
											
											
											
											
											
											
											
											
											
											
											
											
											
											
											
											
											
											
											
											
											
											
											
											
											
											
											
											
											
											
											
											
											
											
											
											
											
											
											
											
											
											
											
											
											
											
											
											
											
											
											
											
											
											
											
											
											
											
											
											
											
											
											
											
											
											
											
											
											
											
											
											
											
											
											
											
											
											
											
											
											
											
											
											
											
											
											
											
											
											
											
											
											
											
											
											
											
											
											
											
											
											
											
											
											
											
											
											
											
											
											
											
											
											
											
											
											
											
											
											
											
											
											
											
											
											
											
											
											
											
											
											
											
											
											
											
											
											
											
											
											
											
											
											
											
											
											
											
											
											
											
											
											
											
											
											
											
											
											
											
											
											
											
											
											
											
											
											
											
											
											
											
											
											
											
											
											
											
