Year	Age	Australia	NewZealand
1	1	0.001718267	0.001790358
1	2	0.01080093	0.014128959
1	3	0.034126502	0.039764912
1	4	0.124566951	0.128619412
2	1	0.001663219	0.002003673
2	2	0.011344862	0.014768605
2	3	0.033789093	0.040834735
2	4	0.124907608	0.133283234
3	1	0.001636276	0.001727242
3	2	0.011215354	0.010715297
3	3	0.035042327	0.036088454
3	4	0.12309077	0.134432016
4	1	0.001668718	0.001743931
4	2	0.010541915	0.011807258
4	3	0.032053848	0.040522139
4	4	0.122182351	0.153976726
5	1	0.001719668	0.001855748
5	2	0.012044202	0.013932865
5	3	0.035090528	0.039111963
5	4	0.128995493	0.129284359
6	1	0.001730155	0.002194612
6	2	0.011552074	0.013662866
6	3	0.033885496	0.038247009
6	4	0.11877578	0.125573873
7	1	0.00175035	0.00179195
7	2	0.010826831	0.012890034
7	3	0.0340301	0.037673519
7	4	0.119797751	0.124253896
8	1	0.001685499	0.00172656
8	2	0.011034044	0.015490919
8	3	0.03629556	0.042116387
8	4	0.121501037	0.131709034
9	1	0.001695213	0.00143617
9	2	0.011733384	0.013084737
9	3	0.035717144	0.039210504
9	4	0.125929579	0.139159394
10	1	0.001689427	0.002064059
10	2	0.011603877	0.012750441
10	3	0.034367509	0.036609068
10	4	0.117867361	0.123056253
11	1	0.001656979	0.002083705
11	2	0.011034044	0.01326107
11	3	0.037596994	0.037714757
11	4	0.123999189	0.126942711
12	1	0.001633962	0.001856886
12	2	0.012018301	0.012940552
12	3	0.035427937	0.039433419
12	4	0.124112741	0.138636254
13	1	0.001697238	0.001791268
13	2	0.012795346	0.013247293
13	3	0.036054553	0.040882702
13	4	0.120933275	0.143304854
14	1	0.001706866	0.001563994
14	2	0.011862892	0.012466664
14	3	0.03745239	0.039610494
14	4	0.134446007	0.145803002
15	1	0.001741327	0.001758118
15	2	0.012199612	0.013873161
15	3	0.034945924	0.038895776
15	4	0.127859969	0.125510317
16	1	0.001769192	0.00201695
16	2	0.01113765	0.013649088
16	3	0.036873975	0.039292731
16	4	0.140577835	0.129558054
17	1	0.001749731	0.001807957
17	2	0.011785187	0.013449792
17	3	0.039043032	0.040214665
17	4	0.138306787	0.138078946
18	1	0.001704138	0.002259775
18	2	0.012536331	0.014239605
18	3	0.038464617	0.041750487
18	4	0.143075987	0.139481951
19	1	0.001796531	0.001855976
19	2	0.011914695	0.013609144
19	3	0.037934403	0.040453214
19	4	0.142508225	0.138000696
20	1	0.001697478	0.001694547
20	2	0.010878635	0.012810146
20	3	0.037982604	0.039398369
20	4	0.140918492	0.139369534
21	1	0.001711349	0.001805227
21	2	0.011914695	0.013305607
21	3	0.039235838	0.041327397
21	4	0.137739026	0.145837169
22	1	0.001851256	0.002148186
22	2	0.012821248	0.013593977
22	3	0.037355988	0.042660684
22	4	0.142394673	0.152876805
23	1	0.001738952	0.002034094
23	2	0.013002558	0.014280939
23	3	0.038657422	0.043339344
23	4	0.145574139	0.14840365
24	1	0.001809591	0.001874712
24	2	0.012096006	0.015572196
24	3	0.037982604	0.045195491
24	4	0.142508225	0.153116334
25	1	0.001651041	0.002067699
25	2	0.013235672	0.01293596
25	3	0.040681876	0.042410839
25	4	0.144779273	0.155443287
26	1	0.001807313	0.001985164
26	2	0.012847149	0.015173604
26	3	0.038850227	0.045126981
26	4	0.152727938	0.154597589
27	1	0.00183453	0.002034549
27	2	0.013650096	0.014926568
27	3	0.039525045	0.046846772
27	4	0.162152785	0.164604515
28	1	0.001901646	0.001853928
28	2	0.012018301	0.014412736
28	3	0.042561725	0.047940293
28	4	0.158973319	0.178859761
29	1	0.001789247	0.001823281
29	2	0.012950755	0.015928066
29	3	0.04121209	0.050777117
29	4	0.162947652	0.185229673
30	1	0.001806866	0.001853928
30	2	0.013261573	0.016266954
30	3	0.040971083	0.052411807
30	4	0.165900013	0.189262716
31	1	0.001846415	0.002210391
31	2	0.013183869	0.016497009
31	3	0.043622153	0.050047571
31	4	0.158859766	0.175051553
32	1	0.00181661	0.002035459
32	2	0.01302846	0.015129067
32	3	0.042561725	0.050858859
32	4	0.170555661	0.188959631
33	1	0.001891506	0.001775261
33	2	0.013391081	0.015530863
33	3	0.045212796	0.047501993
33	4	0.167489747	0.166545355
34	1	0.001840376	0.001921139
34	2	0.01251043	0.014046291
34	3	0.041453096	0.047442353
34	4	0.162039233	0.174019966
35	1	0.001937526	0.001774579
35	2	0.013442884	0.014239605
35	3	0.042272518	0.047150499
35	4	0.166354223	0.175799528
36	1	0.001758175	0.001966883
36	2	0.013339278	0.016135158
36	3	0.040392668	0.046834969
36	4	0.164423833	0.158674715
37	1	0.00184695	0.002211984
37	2	0.012406824	0.014971104
37	3	0.040248064	0.046972037
37	4	0.160108843	0.168026611
38	1	0.001764707	0.001920456
38	2	0.012355021	0.01469192
38	3	0.037789799	0.045846718
38	4	0.150797548	0.163709956
39	1	0.001766817	0.001775489
39	2	0.011733384	0.014408143
39	3	0.039476844	0.041548491
39	4	0.14466572	0.142473851
40	1	0.001714972	0.001822826
40	2	0.012821248	0.016767009
40	3	0.036970378	0.046040761
40	4	0.142962435	0.145710057
41	1	0.00182597	0.002179971
41	2	0.012329119	0.01308933
41	3	0.036343761	0.039695757
41	4	0.13410535	0.137888279
42	1	0.00178503	0.001855293
42	2	0.011914695	0.014394365
42	3	0.034753119	0.041414203
42	4	0.132402064	0.140244621
43	1	0.001658142	0.001644708
43	2	0.012251415	0.013960421
43	3	0.035813547	0.042827999
43	4	0.131039436	0.153942559
44	1	0.001731044	0.001855748
44	2	0.011344862	0.013210552
44	3	0.037741598	0.043430678
44	4	0.126724446	0.159393301
45	1	0.001651632	0.001662762
45	2	0.011267157	0.012192073
45	3	0.034078301	0.037484753
45	4	0.125361817	0.135448909
46	1	0.001734756	0.00208234
46	2	0.012147809	0.01493116
46	3	0.035090528	0.041923297
46	4	0.127632865	0.138269613
47	1	0.001790788	0.001662989
47	2	0.01080093	0.013422236
47	3	0.03480132	0.038305957
47	4	0.131152988	0.127930215
48	1	0.001827423	0.002338897
48	2	0.011681581	0.014172106
48	3	0.035572541	0.039939526
48	4	0.118435123	0.129939389
49	1	0.001696912	0.001709416
49	2	0.011759286	0.01407844
49	3	0.036873975	0.040078346
49	4	0.127973522	0.137311499
50	1	0.001752706	0.001761985
50	2	0.010334703	0.013409848
50	3	0.036343761	0.03694231
50	4	0.124907608	0.121589692
51	1	0.001743197	0.002052375
51	2	0.011448468	0.011644703
51	3	0.032825068	0.037277419
51	4	0.119229989	0.13736036
52	1	0.001709062	0.001774351
52	2	0.011267157	0.014330068
52	3	0.034945924	0.040351195
52	4	0.127973522	0.132725927
53	1	0.001578077	0.001944357
53	2	0.012014271	0.013116912
53	3	0.033869126	0.036734538
53	4	0.119991642	0.123164568
54	1	0.001674482	0.001802245
54	2	0.011214984	0.012182798
54	3	0.036636824	0.036174204
54	4	0.122530564	0.131120829
55	1	0.001760889	0.001896383
55	2	0.010540587	0.010597436
55	3	0.033446934	0.032546957
55	4	0.125290261	0.119519348
56	1	0.001614492	0.001768322
56	2	0.010890274	0.012007601
56	3	0.031429798	0.035474013
56	4	0.11590729	0.124203274
57	1	0.00160102	0.001832935
57	2	0.011939338	0.013467938
57	3	0.034807329	0.036017042
57	4	0.120322806	0.120095341
58	1	0.001721678	0.0017219
58	2	0.011414806	0.011498101
58	3	0.033962946	0.034211683
58	4	0.110387895	0.12038037
59	1	0.001791552	0.001673021
59	2	0.010590542	0.010870899
59	3	0.031054517	0.03315606
59	4	0.119439702	0.124271636
60	1	0.001761438	0.00212065
60	2	0.01094023	0.012773207
60	3	0.033634575	0.036143963
60	4	0.11535535	0.121905238
61	1	0.001632374	0.001975823
61	2	0.010590542	0.011423882
61	3	0.032743282	0.033868485
61	4	0.119881254	0.118435726
62	1	0.001751212	0.001912891
62	2	0.011714538	0.010483079
62	3	0.033962946	0.032274693
62	4	0.11745272	0.115032599
63	1	0.001522888	0.001833193
63	2	0.011090096	0.010890968
63	3	0.032649462	0.03341083
63	4	0.125400649	0.122237161
64	1	0.001672214	0.001705133
64	2	0.012264048	0.012118614
64	3	0.034901149	0.033967506
64	4	0.119329315	0.113486262
65	1	0.001629033	0.002104918
65	2	0.011639605	0.013724045
65	3	0.034854239	0.038264233
65	4	0.120874745	0.126456395
66	1	0.001696119	0.00170552
66	2	0.011239962	0.013397064
66	3	0.036402274	0.037175657
66	4	0.129485001	0.121926707
67	1	0.001733406	0.001751943
67	2	0.012114181	0.013950047
67	3	0.033775305	0.037043977
67	4	0.128822674	0.114435138
68	1	0.001674884	0.001976469
68	2	0.011564672	0.01247633
68	3	0.033962946	0.037259437
68	4	0.126173364	0.134545426
69	1	0.001691143	0.001785219
69	2	0.010815341	0.011717414
69	3	0.035088789	0.036035735
69	4	0.1258422	0.131849082
70	1	0.001625033	0.001927978
70	2	0.010840319	0.01281669
70	3	0.035041879	0.038891547
70	4	0.126946079	0.142079933
71	1	0.001622328	0.002007547
71	2	0.011639605	0.013977438
71	3	0.03532334	0.040822067
71	4	0.13423168	0.141615241
72	1	0.001581822	0.001848797
72	2	0.012089204	0.012725747
72	3	0.034994969	0.037313579
72	4	0.136439438	0.134457572
73	1	0.001797631	0.001770003
73	2	0.011814449	0.01377485
73	3	0.038747781	0.040338882
73	4	0.142731548	0.140023989
74	1	0.001725947	0.001833064
74	2	0.012139159	0.013700631
74	3	0.038044129	0.039424375
74	4	0.14471853	0.1369977
75	1	0.001934621	0.002247159
75	2	0.012713646	0.015386971
75	3	0.037903398	0.044787273
75	4	0.146926288	0.151291569
76	1	0.001688768	0.002182418
76	2	0.011714538	0.010779955
76	3	0.038700871	0.037973685
76	4	0.133790129	0.149989302
77	1	0.001650306	0.001913796
77	2	0.012913468	0.013558882
77	3	0.038231769	0.041769194
77	4	0.14736784	0.15337096
78	1	0.001785201	0.001960349
78	2	0.011115074	0.013946702
78	3	0.040577277	0.041336148
78	4	0.150789865	0.146830244
79	1	0.001780305	0.001928754
79	2	0.013712754	0.012911611
79	3	0.03832559	0.041821843
79	4	0.153880726	0.155778319
80	1	0.00174895	0.001927461
80	2	0.013238178	0.015451155
80	3	0.041327839	0.046792811
80	4	0.150127537	0.165610863
81	1	0.001854127	0.0021044
81	2	0.013138267	0.013147016
81	3	0.037575027	0.042693479
81	4	0.152887235	0.166430924
82	1	0.001754597	0.001991556
82	2	0.012513825	0.014017577
82	3	0.039592164	0.043760628
82	4	0.157744302	0.157478894
83	1	0.001702435	0.002007935
83	2	0.011714538	0.014014232
83	3	0.040295816	0.042537128
83	4	0.156971587	0.156819003
84	1	0.001717212	0.001928495
84	2	0.012938445	0.014004197
84	3	0.039920535	0.046665663
84	4	0.158958569	0.179443995
85	1	0.001773319	0.001990651
85	2	0.012788579	0.013349604
85	3	0.039076152	0.046665632
85	4	0.170549298	0.187775118
86	1	0.001935666	0.001817848
86	2	0.01288849	0.013484663
86	3	0.040436546	0.044307837
86	4	0.160172836	0.171468242
87	1	0.001872611	0.001959831
87	2	0.013163245	0.013150992
87	3	0.041140198	0.042824165
87	4	0.163153309	0.157765901
88	1	0.001726133	0.001784831
88	2	0.012838535	0.013538813
88	3	0.040108175	0.041531397
88	4	0.155646932	0.148331665
89	1	0.001869811	0.001959573
89	2	0.012289025	0.015612973
89	3	0.041140198	0.045685135
89	4	0.14527047	0.161922706
90	1	0.001723219	0.002168625
90	2	0.01158965	0.013946702
90	3	0.038888511	0.041815621
90	4	0.146153573	0.153261638
91	1	0.001713235	0.001881684
91	2	0.012214092	0.013966771
91	3	0.040389636	0.042680744
91	4	0.146043185	0.155403458
92	1	0.001680847	0.002024573
92	2	0.012838535	0.013096842
92	3	0.037762668	0.041851232
92	4	0.147588616	0.157348102
93	1	0.001761616	0.001865305
93	2	0.012014271	0.013592963
93	3	0.039310703	0.042106173
93	4	0.142069221	0.152972653
94	1	0.001773172	0.0019294
94	2	0.011989293	0.011575665
94	3	0.037668848	0.037997079
94	4	0.144056203	0.147294936
95	1	0.001717668	0.001833322
95	2	0.011464761	0.01191268
95	3	0.039545253	0.039527171
95	4	0.140303015	0.152552876
96	1	0.001800916	0.002071642
96	2	0.011514717	0.011511481
96	3	0.036636824	0.037539706
96	4	0.138205645	0.14623476
97	1	0.001725771	0.001880521
97	2	0.012089204	0.013076773
97	3	0.039873624	0.038670994
97	4	0.136218663	0.140092351
98	1	0.001749902	0.001880779
98	2	0.011764494	0.01286415
98	3	0.034666598	0.038108633
98	4	0.130478492	0.134920287
99	1	0.001709683	0.00184996
99	2	0.012139159	0.013484663
99	3	0.034666598	0.04128408
99	4	0.137653705	0.148597203
100	1	0.001741627	0.001864659
100	2	0.012264048	0.013080118
100	3	0.033212384	0.039099534
100	4	0.125069485	0.140886989
101	1	0.001639623	0.001769227
101	2	0.010990185	0.013697286
101	3	0.033493845	0.038542079
101	4	0.118335824	0.129705284
102	1	0.001800439	0.001865564
102	2	0.011639605	0.014014232
102	3	0.035464071	0.040455764
102	4	0.122089012	0.139184436
103	1	0.001790226	0.001800435
103	2	0.01158965	0.012037705
103	3	0.034854239	0.035687178
103	4	0.127166855	0.126700464
104	1	0.001691026	0.002056297
104	2	0.013188222	0.013535468
104	3	0.033916036	0.038826786
104	4	0.123855218	0.135517748
105	1	0.001685367	0.001856212
105	2	0.011657645	0.010340416
105	3	0.034754084	0.032710344
105	4	0.118110661	0.118512251
106	1	0.001682165	0.001746754
106	2	0.011585237	0.01385214
106	3	0.034118061	0.039902072
106	4	0.120379942	0.13226598
107	1	0.001572817	0.001717006
107	2	0.01139215	0.012829662
107	3	0.033345748	0.036373438
107	4	0.117354234	0.12034325
108	1	0.00173214	0.002058953
108	2	0.010957704	0.012487315
108	3	0.03384548	0.038200335
108	4	0.120812186	0.135344656
109	1	0.001607482	0.002214693
109	2	0.010402578	0.010765535
109	3	0.031982843	0.035805308
109	4	0.117030051	0.133270905
110	1	0.001688611	0.001623095
110	2	0.011850732	0.012913652
110	3	0.034027201	0.037123174
110	4	0.121028308	0.126074713
111	1	0.001625486	0.001824579
111	2	0.011609373	0.012171747
111	3	0.031528541	0.036553027
111	4	0.123189528	0.127488391
112	1	0.001634397	0.001981577
112	2	0.01257481	0.011654117
112	3	0.03389091	0.036184377
112	4	0.12448626	0.130383932
113	1	0.001697976	0.002090227
113	2	0.011536966	0.012596866
113	3	0.033618329	0.03539591
113	4	0.122541162	0.117809696
114	1	0.001789314	0.001575556
114	2	0.012116227	0.013841489
114	3	0.032618866	0.040007012
114	4	0.130753797	0.137652591
115	1	0.001631438	0.001623365
115	2	0.01098184	0.012678725
115	3	0.032936877	0.037749123
115	4	0.115625258	0.129966612
116	1	0.001582682	0.001763199
116	2	0.012164499	0.014562093
116	3	0.033391179	0.039643962
116	4	0.121460552	0.123822111
117	1	0.001728666	0.002278049
117	2	0.011271471	0.012297122
117	3	0.033482039	0.036103799
117	4	0.117354234	0.125546726
118	1	0.001690581	0.001794562
118	2	0.012743761	0.013459886
118	3	0.034299782	0.038888108
118	4	0.124270138	0.13186151
119	1	0.00165843	0.001966748
119	2	0.010499121	0.013386548
119	3	0.034981235	0.036389249
119	4	0.131834407	0.115680612
120	1	0.001599535	0.002246596
120	2	0.011657645	0.013684162
120	3	0.034617793	0.037055958
120	4	0.13431981	0.114965206
121	1	0.001729906	0.00206048
121	2	0.011247335	0.013267563
121	3	0.034935805	0.039769716
121	4	0.130861858	0.140484231
122	1	0.001664835	0.001825118
122	2	0.011078383	0.012538439
122	3	0.036026129	0.040904231
122	4	0.125891052	0.152347344
123	1	0.001652246	0.002075757
123	2	0.011633509	0.01245658
123	3	0.037752475	0.039425892
123	4	0.135832663	0.144141944
124	1	0.001646817	0.001685014
124	2	0.011971412	0.014775718
124	3	0.034754084	0.041343843
124	4	0.139398676	0.137652591
125	1	0.001801687	0.001965311
125	2	0.012623082	0.013563047
125	3	0.035208386	0.043854574
125	4	0.138966432	0.163273717
126	1	0.001708377	0.002011683
126	2	0.011150791	0.013373767
126	3	0.038025056	0.043919472
126	4	0.145017848	0.164040173
127	1	0.00170592	0.001980858
127	2	0.01139215	0.012942257
127	3	0.036980162	0.042037073
127	4	0.153338544	0.158615362
128	1	0.001684392	0.002370613
128	2	0.011850732	0.014105021
128	3	0.036934732	0.045017469
128	4	0.152365995	0.166288492
129	1	0.001684908	0.001950842
129	2	0.012092092	0.015185926
129	3	0.038297637	0.048304117
129	4	0.144585604	0.174191523
130	1	0.001685411	0.002012761
130	2	0.013274751	0.013589522
130	3	0.039842263	0.044690553
130	4	0.144261421	0.169064798
131	1	0.001799202	0.002199595
131	2	0.013998829	0.014503665
131	3	0.04152318	0.046819724
131	4	0.149772531	0.177691802
132	1	0.001807377	0.001949854
132	2	0.013950557	0.013673511
132	3	0.039615113	0.045712888
132	4	0.158201288	0.171594068
133	1	0.001952096	0.002089418
133	2	0.0140471	0.014987212
133	3	0.041841191	0.052223892
133	4	0.168575143	0.208576021
134	1	0.0016859	0.002246506
134	2	0.013854013	0.01591079
134	3	0.0441127	0.054799124
134	4	0.166413923	0.211633279
135	1	0.001888548	0.002137317
135	2	0.012912713	0.018404297
135	3	0.043476677	0.057947519
135	4	0.177544205	0.211045674
136	1	0.001856353	0.002448708
136	2	0.013057528	0.016656955
136	3	0.042431783	0.051720257
136	4	0.178408693	0.189797667
137	1	0.001840524	0.001965311
137	2	0.012333451	0.0153889
137	3	0.042250063	0.048561073
137	4	0.176139412	0.179995454
138	1	0.001830649	0.001965131
138	2	0.013226479	0.014337817
138	3	0.040205705	0.046135405
138	4	0.176895839	0.172194523
139	1	0.001994418	0.001825387
139	2	0.014191916	0.015422983
139	3	0.045793616	0.048008567
139	4	0.172465339	0.172543659
140	1	0.001794251	0.001856661
140	2	0.013854013	0.015410202
140	3	0.042068342	0.045681825
140	4	0.165549436	0.158730313
141	1	0.001857862	0.00233934
141	2	0.012912713	0.014074286
141	3	0.039796833	0.043603366
141	4	0.181974706	0.158909165
142	1	0.001717347	0.001920107
142	2	0.013178208	0.01427513
142	3	0.041341459	0.043660058
142	4	0.171600851	0.153407603
143	1	0.001745033	0.001809301
143	2	0.012357587	0.013250521
143	3	0.040341995	0.041818603
143	4	0.147935494	0.152053542
144	1	0.00173462	0.002044034
144	2	0.012285179	0.013250521
144	3	0.037161883	0.040642079
144	4	0.150096714	0.143903475
145	1	0.001764316	0.001949674
145	2	0.01245413	0.014786368
145	3	0.035980699	0.041357452
145	4	0.140263164	0.136941469
146	1	0.001760112	0.001871041
146	2	0.011874868	0.013105975
146	3	0.034436073	0.040529518
146	4	0.135184298	0.143665007
147	1	0.00172545	0.001825387
147	2	0.011874868	0.013699073
147	3	0.034890374	0.041846147
147	4	0.124054016	0.144780599
148	1	0.001744018	0.002277241
148	2	0.01204382	0.013125146
148	3	0.036616721	0.037844606
148	4	0.123189528	0.130626684
149	1	0.001641362	0.002090406
149	2	0.011319742	0.013032636
149	3	0.034481503	0.037190631
149	4	0.119731576	0.124064863
150	1	0.001752182	0.001763199
150	2	0.011609373	0.012010158
150	3	0.033345748	0.038133052
150	4	0.124918504	0.137878209
151	1	0.001757126	0.002012132
151	2	0.011295606	0.01366712
151	3	0.033300318	0.039699272
151	4	0.120704125	0.138069911
152	1	0.00163395	0.001794203
152	2	0.011633509	0.012301382
152	3	0.03375462	0.037559878
152	4	0.121136369	0.134816668
153	1	0.0017311	0.001622826
153	2	0.01245413	0.01116205
153	3	0.033027737	0.035855694
153	4	0.119623515	0.129310823
154	1	0.001769223	0.001872567
154	2	0.011995548	0.013181443
154	3	0.03380005	0.038195951
154	4	0.124594321	0.131925411
155	1	0.00177792	0.002199236
155	2	0.011705917	0.013787322
155	3	0.033981771	0.039070184
155	4	0.118759027	0.126653751
156	1	0.001605962	0.002059222
156	2	0.010571529	0.015079722
156	3	0.032391715	0.040659634
156	4	0.118434844	0.126717652
157	1	0.001652768	0.002039608
157	2	0.011309637	0.011814816
157	3	0.031620174	0.0348557
157	4	0.112914722	0.12416571
158	1	0.001810529	0.001871117
158	2	0.009697313	0.013237978
158	3	0.031093902	0.038103202
158	4	0.117460914	0.132322125
159	1	0.001535693	0.001839374
159	2	0.01081893	0.010876548
159	3	0.03012907	0.034583212
159	4	0.117038013	0.133274426
160	1	0.001791136	0.002146881
160	2	0.011333004	0.014303515
160	3	0.030830766	0.039908751
160	4	0.116509386	0.13689741
161	1	0.001684967	0.001885712
161	2	0.010421691	0.011814816
161	3	0.033944541	0.036165861
161	4	0.117355189	0.131729111
162	1	0.001549678	0.00204301
162	2	0.0110526	0.014069488
162	3	0.028681822	0.038364902
162	4	0.114606329	0.128677508
163	1	0.001734471	0.001749531
163	2	0.010491792	0.012432484
163	3	0.030436062	0.033544503
163	4	0.117355189	0.111051676
164	1	0.001653511	0.001871117
164	2	0.011753611	0.011647176
164	3	0.032672717	0.035431389
164	4	0.112597546	0.130224236
165	1	0.001699819	0.002035922
165	2	0.010398324	0.011433335
165	3	0.035128653	0.033704877
165	4	0.111117391	0.122385255
166	1	0.001744173	0.002084812
166	2	0.010982499	0.01194392
166	3	0.030830766	0.035873807
166	4	0.119258246	0.13062679
167	1	0.001618834	0.001669748
167	2	0.011660143	0.013518207
167	3	0.031839454	0.039304887
167	4	0.117989541	0.139376219
168	1	0.001684316	0.002055054
168	2	0.010889031	0.01329886
168	3	0.031707886	0.037142177
168	4	0.119046795	0.123530843
169	1	0.001570417	0.001824494
169	2	0.010865664	0.012489696
169	3	0.035040941	0.035230778
169	4	0.122218557	0.121008766
170	1	0.001638155	0.001947781
170	2	0.010304856	0.011095895
170	3	0.030962334	0.034870901
170	4	0.116297935	0.132024911
171	1	0.001571699	0.001932902
171	2	0.011333004	0.011801971
171	3	0.030918478	0.036060731
171	4	0.118412443	0.133296059
172	1	0.001693487	0.002099408
172	2	0.012104116	0.01329519
172	3	0.032672717	0.040517315
172	4	0.121055578	0.148930756
173	1	0.001712144	0.002009566
173	2	0.010024451	0.011451685
173	3	0.032409581	0.038019784
173	4	0.116932287	0.148867269
174	1	0.001642376	0.0018714
174	2	0.011426472	0.012732898
174	3	0.033769117	0.037830957
174	4	0.129196433	0.13374188
175	1	0.001694659	0.002056188
175	2	0.011730244	0.012382613
175	3	0.036751325	0.037757324
175	4	0.132156744	0.137533691
176	1	0.001628745	0.001686612
176	2	0.011590042	0.014648295
176	3	0.035654925	0.042702013
176	4	0.135857133	0.147385441
177	1	0.001733478	0.002056188
177	2	0.01168351	0.012367932
177	3	0.036707469	0.03866469
177	4	0.142094931	0.144397324
178	1	0.001671454	0.002177206
178	2	0.011847079	0.014502676
178	3	0.034470813	0.043566312
178	4	0.143680812	0.158082739
179	1	0.001741799	0.00151642
179	2	0.012524722	0.01465747
179	3	0.036312765	0.042830069
179	4	0.144103714	0.15312512
180	1	0.001659863	0.001777305
180	2	0.011449839	0.013783754
180	3	0.035698781	0.043508123
180	4	0.135117055	0.160011801
181	1	0.00153138	0.001886563
181	2	0.012361153	0.015004086
181	3	0.037540733	0.043577789
181	4	0.144209439	0.153083267
182	1	0.00170045	0.002205547
182	2	0.012337786	0.013372587
182	3	0.037189885	0.040849702
182	4	0.145055243	0.148888902
183	1	0.00184635	0.001686329
183	2	0.012314419	0.011722738
183	3	0.036093485	0.041068652
183	4	0.149812885	0.163337571
184	1	0.001763958	0.001873101
184	2	0.012291052	0.012948575
184	3	0.034690093	0.041652716
184	4	0.138817444	0.158697386
185	1	0.001709383	0.002131435
185	2	0.012267685	0.015354371
185	3	0.037584589	0.044523514
185	4	0.15108159	0.155562076
186	1	0.001721064	0.001823644
186	2	0.01168351	0.013879502
186	3	0.040961501	0.044994781
186	4	0.155099155	0.17581391
			
			
			
			
			
			
			
			
			
			
			
			
			
			
			
			
			
			
			
			
			
			
			
			
			
			
			
			
			
			
			
			
			
			
			
			
			
			
			
			
			
			
			
			
			
			
			
			
			
			
			
			
			
			
			
			
			
			
			
			
			
			
			
			
			
			
			
			
			
			
			
			
			
			
			
			
			
			
			
			
			
			
			
			
			
			
			
			
			
			
			
			
			
			
			
			
			
			
			
			
			
			
			
			
			
			
			
			
			
			
			
			
			
			
			
			
			
			
			
			
			
			
			
			
			
			
			
			
			
			
			
			
			
			
			
			
			
			
			
			
			
			
			
			
			
			
			
			
			
			
			
			
			
			
			
			
			
			
			
			
			
			
			
			
			
			
			
			
			
			
			
			
			
			
			
			
			
			
			
			
			
			
			
			
			
			
			
			
			
			
			
			
			
			
			
			
			
			
			
			
			
			
			
			
			
			
			
			
			
			
			
			
			
			
			
			
			
			
			
			
			
			
			
			
			
			
			
			
			
			
			
			
			
			
			
			
			
			
			
			
			
			
			
			
			
			
			
			
			
			
			
			
			
			
			
			
			
			
			
			
			
			
			
			
			
			
			
			
			
			
			
			
			
			
			
			
			
			
			
			
			
			
			
			
			
			
			
			
			
			
			
			
			
			
			
			
