Year	Age	Australia	NewZealand
1	1	303233.5531	58171.60175
1	2	38607.78663	7464.409776
1	3	20746.33936	3894.263013
1	4	8806.509231	1513.617853
2	1	303233.5531	58171.60175
2	2	38607.78663	7464.409776
2	3	20746.33936	3894.263013
2	4	8806.509231	1513.617853
3	1	303233.5531	58171.60175
3	2	38607.78663	7464.409776
3	3	20746.33936	3894.263013
3	4	8806.509231	1513.617853
4	1	303233.5531	58171.60175
4	2	38607.78663	7464.409776
4	3	20746.33936	3894.263013
4	4	8806.509231	1513.617853
5	1	303233.5531	58171.60175
5	2	38607.78663	7464.409776
5	3	20746.33936	3894.263013
5	4	8806.509231	1513.617853
6	1	303233.5531	58171.60175
6	2	38607.78663	7464.409776
6	3	20746.33936	3894.263013
6	4	8806.509231	1513.617853
7	1	303233.5531	58171.60175
7	2	38607.78663	7464.409776
7	3	20746.33936	3894.263013
7	4	8806.509231	1513.617853
8	1	303233.5531	58171.60175
8	2	38607.78663	7464.409776
8	3	20746.33936	3894.263013
8	4	8806.509231	1513.617853
9	1	303233.5531	58171.60175
9	2	38607.78663	7464.409776
9	3	20746.33936	3894.263013
9	4	8806.509231	1513.617853
10	1	303233.5531	58171.60175
10	2	38607.78663	7464.409776
10	3	20746.33936	3894.263013
10	4	8806.509231	1513.617853
11	1	303233.5531	58171.60175
11	2	38607.78663	7464.409776
11	3	20746.33936	3894.263013
11	4	8806.509231	1513.617853
12	1	303233.5531	58171.60175
12	2	38607.78663	7464.409776
12	3	20746.33936	3894.263013
12	4	8806.509231	1513.617853
13	1	303233.5531	58171.60175
13	2	38607.78663	7464.409776
13	3	20746.33936	3894.263013
13	4	8806.509231	1513.617853
14	1	303233.5531	58171.60175
14	2	38607.78663	7464.409776
14	3	20746.33936	3894.263013
14	4	8806.509231	1513.617853
15	1	303233.5531	58171.60175
15	2	38607.78663	7464.409776
15	3	20746.33936	3894.263013
15	4	8806.509231	1513.617853
16	1	303233.5531	58171.60175
16	2	38607.78663	7464.409776
16	3	20746.33936	3894.263013
16	4	8806.509231	1513.617853
17	1	303233.5531	58171.60175
17	2	38607.78663	7464.409776
17	3	20746.33936	3894.263013
17	4	8806.509231	1513.617853
18	1	303233.5531	58171.60175
18	2	38607.78663	7464.409776
18	3	20746.33936	3894.263013
18	4	8806.509231	1513.617853
19	1	303233.5531	58171.60175
19	2	38607.78663	7464.409776
19	3	20746.33936	3894.263013
19	4	8806.509231	1513.617853
20	1	303233.5531	58171.60175
20	2	38607.78663	7464.409776
20	3	20746.33936	3894.263013
20	4	8806.509231	1513.617853
21	1	303233.5531	58171.60175
21	2	38607.78663	7464.409776
21	3	20746.33936	3894.263013
21	4	8806.509231	1513.617853
22	1	303233.5531	58171.60175
22	2	38607.78663	7464.409776
22	3	20746.33936	3894.263013
22	4	8806.509231	1513.617853
23	1	303233.5531	58171.60175
23	2	38607.78663	7464.409776
23	3	20746.33936	3894.263013
23	4	8806.509231	1513.617853
24	1	303233.5531	58171.60175
24	2	38607.78663	7464.409776
24	3	20746.33936	3894.263013
24	4	8806.509231	1513.617853
25	1	303233.5531	58171.60175
25	2	38607.78663	7464.409776
25	3	20746.33936	3894.263013
25	4	8806.509231	1513.617853
26	1	303233.5531	58171.60175
26	2	38607.78663	7464.409776
26	3	20746.33936	3894.263013
26	4	8806.509231	1513.617853
27	1	303233.5531	58171.60175
27	2	38607.78663	7464.409776
27	3	20746.33936	3894.263013
27	4	8806.509231	1513.617853
28	1	303233.5531	58171.60175
28	2	38607.78663	7464.409776
28	3	20746.33936	3894.263013
28	4	8806.509231	1513.617853
29	1	303233.5531	58171.60175
29	2	38607.78663	7464.409776
29	3	20746.33936	3894.263013
29	4	8806.509231	1513.617853
30	1	303233.5531	58171.60175
30	2	38607.78663	7464.409776
30	3	20746.33936	3894.263013
30	4	8806.509231	1513.617853
31	1	303233.5531	58171.60175
31	2	38607.78663	7464.409776
31	3	20746.33936	3894.263013
31	4	8806.509231	1513.617853
32	1	303233.5531	58171.60175
32	2	38607.78663	7464.409776
32	3	20746.33936	3894.263013
32	4	8806.509231	1513.617853
33	1	303233.5531	58171.60175
33	2	38607.78663	7464.409776
33	3	20746.33936	3894.263013
33	4	8806.509231	1513.617853
34	1	303233.5531	58171.60175
34	2	38607.78663	7464.409776
34	3	20746.33936	3894.263013
34	4	8806.509231	1513.617853
35	1	303233.5531	58171.60175
35	2	38607.78663	7464.409776
35	3	20746.33936	3894.263013
35	4	8806.509231	1513.617853
36	1	303233.5531	58171.60175
36	2	38607.78663	7464.409776
36	3	20746.33936	3894.263013
36	4	8806.509231	1513.617853
37	1	303233.5531	58171.60175
37	2	38607.78663	7464.409776
37	3	20746.33936	3894.263013
37	4	8806.509231	1513.617853
38	1	303233.5531	58171.60175
38	2	38607.78663	7464.409776
38	3	20746.33936	3894.263013
38	4	8806.509231	1513.617853
39	1	303233.5531	58171.60175
39	2	38607.78663	7464.409776
39	3	20746.33936	3894.263013
39	4	8806.509231	1513.617853
40	1	303233.5531	58171.60175
40	2	38607.78663	7464.409776
40	3	20746.33936	3894.263013
40	4	8806.509231	1513.617853
41	1	303233.5531	58171.60175
41	2	38607.78663	7464.409776
41	3	20746.33936	3894.263013
41	4	8806.509231	1513.617853
42	1	303233.5531	58171.60175
42	2	38607.78663	7464.409776
42	3	20746.33936	3894.263013
42	4	8806.509231	1513.617853
43	1	303233.5531	58171.60175
43	2	38607.78663	7464.409776
43	3	20746.33936	3894.263013
43	4	8806.509231	1513.617853
44	1	303233.5531	58171.60175
44	2	38607.78663	7464.409776
44	3	20746.33936	3894.263013
44	4	8806.509231	1513.617853
45	1	303233.5531	58171.60175
45	2	38607.78663	7464.409776
45	3	20746.33936	3894.263013
45	4	8806.509231	1513.617853
46	1	303233.5531	58171.60175
46	2	38607.78663	7464.409776
46	3	20746.33936	3894.263013
46	4	8806.509231	1513.617853
47	1	303233.5531	58171.60175
47	2	38607.78663	7464.409776
47	3	20746.33936	3894.263013
47	4	8806.509231	1513.617853
48	1	303233.5531	58171.60175
48	2	38607.78663	7464.409776
48	3	20746.33936	3894.263013
48	4	8806.509231	1513.617853
49	1	303233.5531	58171.60175
49	2	38607.78663	7464.409776
49	3	20746.33936	3894.263013
49	4	8806.509231	1513.617853
50	1	303233.5531	58171.60175
50	2	38607.78663	7464.409776
50	3	20746.33936	3894.263013
50	4	8806.509231	1513.617853
51	1	303233.5531	58171.60175
51	2	38607.78663	7464.409776
51	3	20746.33936	3894.263013
51	4	8806.509231	1513.617853
52	1	303233.5531	58171.60175
52	2	38607.78663	7464.409776
52	3	20746.33936	3894.263013
52	4	8806.509231	1513.617853
53	1	306878.1673	59524.25123
53	2	40035.72199	7693.096987
53	3	21317.34981	4039.000353
53	4	9058.964295	1564.731795
54	1	306878.1673	59524.25123
54	2	40035.72199	7693.096987
54	3	21317.34981	4039.000353
54	4	9058.964295	1564.731795
55	1	306878.1673	59524.25123
55	2	40035.72199	7693.096987
55	3	21317.34981	4039.000353
55	4	9058.964295	1564.731795
56	1	306878.1673	59524.25123
56	2	40035.72199	7693.096987
56	3	21317.34981	4039.000353
56	4	9058.964295	1564.731795
57	1	306878.1673	59524.25123
57	2	40035.72199	7693.096987
57	3	21317.34981	4039.000353
57	4	9058.964295	1564.731795
58	1	306878.1673	59524.25123
58	2	40035.72199	7693.096987
58	3	21317.34981	4039.000353
58	4	9058.964295	1564.731795
59	1	306878.1673	59524.25123
59	2	40035.72199	7693.096987
59	3	21317.34981	4039.000353
59	4	9058.964295	1564.731795
60	1	306878.1673	59524.25123
60	2	40035.72199	7693.096987
60	3	21317.34981	4039.000353
60	4	9058.964295	1564.731795
61	1	306878.1673	59524.25123
61	2	40035.72199	7693.096987
61	3	21317.34981	4039.000353
61	4	9058.964295	1564.731795
62	1	306878.1673	59524.25123
62	2	40035.72199	7693.096987
62	3	21317.34981	4039.000353
62	4	9058.964295	1564.731795
63	1	306878.1673	59524.25123
63	2	40035.72199	7693.096987
63	3	21317.34981	4039.000353
63	4	9058.964295	1564.731795
64	1	306878.1673	59524.25123
64	2	40035.72199	7693.096987
64	3	21317.34981	4039.000353
64	4	9058.964295	1564.731795
65	1	306878.1673	59524.25123
65	2	40035.72199	7693.096987
65	3	21317.34981	4039.000353
65	4	9058.964295	1564.731795
66	1	306878.1673	59524.25123
66	2	40035.72199	7693.096987
66	3	21317.34981	4039.000353
66	4	9058.964295	1564.731795
67	1	306878.1673	59524.25123
67	2	40035.72199	7693.096987
67	3	21317.34981	4039.000353
67	4	9058.964295	1564.731795
68	1	306878.1673	59524.25123
68	2	40035.72199	7693.096987
68	3	21317.34981	4039.000353
68	4	9058.964295	1564.731795
69	1	306878.1673	59524.25123
69	2	40035.72199	7693.096987
69	3	21317.34981	4039.000353
69	4	9058.964295	1564.731795
70	1	306878.1673	59524.25123
70	2	40035.72199	7693.096987
70	3	21317.34981	4039.000353
70	4	9058.964295	1564.731795
71	1	306878.1673	59524.25123
71	2	40035.72199	7693.096987
71	3	21317.34981	4039.000353
71	4	9058.964295	1564.731795
72	1	306878.1673	59524.25123
72	2	40035.72199	7693.096987
72	3	21317.34981	4039.000353
72	4	9058.964295	1564.731795
73	1	306878.1673	59524.25123
73	2	40035.72199	7693.096987
73	3	21317.34981	4039.000353
73	4	9058.964295	1564.731795
74	1	306878.1673	59524.25123
74	2	40035.72199	7693.096987
74	3	21317.34981	4039.000353
74	4	9058.964295	1564.731795
75	1	306878.1673	59524.25123
75	2	40035.72199	7693.096987
75	3	21317.34981	4039.000353
75	4	9058.964295	1564.731795
76	1	306878.1673	59524.25123
76	2	40035.72199	7693.096987
76	3	21317.34981	4039.000353
76	4	9058.964295	1564.731795
77	1	306878.1673	59524.25123
77	2	40035.72199	7693.096987
77	3	21317.34981	4039.000353
77	4	9058.964295	1564.731795
78	1	306878.1673	59524.25123
78	2	40035.72199	7693.096987
78	3	21317.34981	4039.000353
78	4	9058.964295	1564.731795
79	1	306878.1673	59524.25123
79	2	40035.72199	7693.096987
79	3	21317.34981	4039.000353
79	4	9058.964295	1564.731795
80	1	306878.1673	59524.25123
80	2	40035.72199	7693.096987
80	3	21317.34981	4039.000353
80	4	9058.964295	1564.731795
81	1	306878.1673	59524.25123
81	2	40035.72199	7693.096987
81	3	21317.34981	4039.000353
81	4	9058.964295	1564.731795
82	1	306878.1673	59524.25123
82	2	40035.72199	7693.096987
82	3	21317.34981	4039.000353
82	4	9058.964295	1564.731795
83	1	306878.1673	59524.25123
83	2	40035.72199	7693.096987
83	3	21317.34981	4039.000353
83	4	9058.964295	1564.731795
84	1	306878.1673	59524.25123
84	2	40035.72199	7693.096987
84	3	21317.34981	4039.000353
84	4	9058.964295	1564.731795
85	1	306878.1673	59524.25123
85	2	40035.72199	7693.096987
85	3	21317.34981	4039.000353
85	4	9058.964295	1564.731795
86	1	306878.1673	59524.25123
86	2	40035.72199	7693.096987
86	3	21317.34981	4039.000353
86	4	9058.964295	1564.731795
87	1	306878.1673	59524.25123
87	2	40035.72199	7693.096987
87	3	21317.34981	4039.000353
87	4	9058.964295	1564.731795
88	1	306878.1673	59524.25123
88	2	40035.72199	7693.096987
88	3	21317.34981	4039.000353
88	4	9058.964295	1564.731795
89	1	306878.1673	59524.25123
89	2	40035.72199	7693.096987
89	3	21317.34981	4039.000353
89	4	9058.964295	1564.731795
90	1	306878.1673	59524.25123
90	2	40035.72199	7693.096987
90	3	21317.34981	4039.000353
90	4	9058.964295	1564.731795
91	1	306878.1673	59524.25123
91	2	40035.72199	7693.096987
91	3	21317.34981	4039.000353
91	4	9058.964295	1564.731795
92	1	306878.1673	59524.25123
92	2	40035.72199	7693.096987
92	3	21317.34981	4039.000353
92	4	9058.964295	1564.731795
93	1	306878.1673	59524.25123
93	2	40035.72199	7693.096987
93	3	21317.34981	4039.000353
93	4	9058.964295	1564.731795
94	1	306878.1673	59524.25123
94	2	40035.72199	7693.096987
94	3	21317.34981	4039.000353
94	4	9058.964295	1564.731795
95	1	306878.1673	59524.25123
95	2	40035.72199	7693.096987
95	3	21317.34981	4039.000353
95	4	9058.964295	1564.731795
96	1	306878.1673	59524.25123
96	2	40035.72199	7693.096987
96	3	21317.34981	4039.000353
96	4	9058.964295	1564.731795
97	1	306878.1673	59524.25123
97	2	40035.72199	7693.096987
97	3	21317.34981	4039.000353
97	4	9058.964295	1564.731795
98	1	306878.1673	59524.25123
98	2	40035.72199	7693.096987
98	3	21317.34981	4039.000353
98	4	9058.964295	1564.731795
99	1	306878.1673	59524.25123
99	2	40035.72199	7693.096987
99	3	21317.34981	4039.000353
99	4	9058.964295	1564.731795
100	1	306878.1673	59524.25123
100	2	40035.72199	7693.096987
100	3	21317.34981	4039.000353
100	4	9058.964295	1564.731795
101	1	306878.1673	59524.25123
101	2	40035.72199	7693.096987
101	3	21317.34981	4039.000353
101	4	9058.964295	1564.731795
102	1	306878.1673	59524.25123
102	2	40035.72199	7693.096987
102	3	21317.34981	4039.000353
102	4	9058.964295	1564.731795
103	1	306878.1673	59524.25123
103	2	40035.72199	7693.096987
103	3	21317.34981	4039.000353
103	4	9058.964295	1564.731795
104	1	306878.1673	59524.25123
104	2	40035.72199	7693.096987
104	3	21317.34981	4039.000353
104	4	9058.964295	1564.731795
105	1	310872.2796	60776.02178
105	2	41432.03837	7932.787436
105	3	22011.80167	4180.755385
105	4	9254.033365	1605.046987
106	1	310872.2796	60776.02178
106	2	41432.03837	7932.787436
106	3	22011.80167	4180.755385
106	4	9254.033365	1605.046987
107	1	310872.2796	60776.02178
107	2	41432.03837	7932.787436
107	3	22011.80167	4180.755385
107	4	9254.033365	1605.046987
108	1	310872.2796	60776.02178
108	2	41432.03837	7932.787436
108	3	22011.80167	4180.755385
108	4	9254.033365	1605.046987
109	1	310872.2796	60776.02178
109	2	41432.03837	7932.787436
109	3	22011.80167	4180.755385
109	4	9254.033365	1605.046987
110	1	310872.2796	60776.02178
110	2	41432.03837	7932.787436
110	3	22011.80167	4180.755385
110	4	9254.033365	1605.046987
111	1	310872.2796	60776.02178
111	2	41432.03837	7932.787436
111	3	22011.80167	4180.755385
111	4	9254.033365	1605.046987
112	1	310872.2796	60776.02178
112	2	41432.03837	7932.787436
112	3	22011.80167	4180.755385
112	4	9254.033365	1605.046987
113	1	310872.2796	60776.02178
113	2	41432.03837	7932.787436
113	3	22011.80167	4180.755385
113	4	9254.033365	1605.046987
114	1	310872.2796	60776.02178
114	2	41432.03837	7932.787436
114	3	22011.80167	4180.755385
114	4	9254.033365	1605.046987
115	1	310872.2796	60776.02178
115	2	41432.03837	7932.787436
115	3	22011.80167	4180.755385
115	4	9254.033365	1605.046987
116	1	310872.2796	60776.02178
116	2	41432.03837	7932.787436
116	3	22011.80167	4180.755385
116	4	9254.033365	1605.046987
117	1	310872.2796	60776.02178
117	2	41432.03837	7932.787436
117	3	22011.80167	4180.755385
117	4	9254.033365	1605.046987
118	1	310872.2796	60776.02178
118	2	41432.03837	7932.787436
118	3	22011.80167	4180.755385
118	4	9254.033365	1605.046987
119	1	310872.2796	60776.02178
119	2	41432.03837	7932.787436
119	3	22011.80167	4180.755385
119	4	9254.033365	1605.046987
120	1	310872.2796	60776.02178
120	2	41432.03837	7932.787436
120	3	22011.80167	4180.755385
120	4	9254.033365	1605.046987
121	1	310872.2796	60776.02178
121	2	41432.03837	7932.787436
121	3	22011.80167	4180.755385
121	4	9254.033365	1605.046987
122	1	310872.2796	60776.02178
122	2	41432.03837	7932.787436
122	3	22011.80167	4180.755385
122	4	9254.033365	1605.046987
123	1	310872.2796	60776.02178
123	2	41432.03837	7932.787436
123	3	22011.80167	4180.755385
123	4	9254.033365	1605.046987
124	1	310872.2796	60776.02178
124	2	41432.03837	7932.787436
124	3	22011.80167	4180.755385
124	4	9254.033365	1605.046987
125	1	310872.2796	60776.02178
125	2	41432.03837	7932.787436
125	3	22011.80167	4180.755385
125	4	9254.033365	1605.046987
126	1	310872.2796	60776.02178
126	2	41432.03837	7932.787436
126	3	22011.80167	4180.755385
126	4	9254.033365	1605.046987
127	1	310872.2796	60776.02178
127	2	41432.03837	7932.787436
127	3	22011.80167	4180.755385
127	4	9254.033365	1605.046987
128	1	310872.2796	60776.02178
128	2	41432.03837	7932.787436
128	3	22011.80167	4180.755385
128	4	9254.033365	1605.046987
129	1	310872.2796	60776.02178
129	2	41432.03837	7932.787436
129	3	22011.80167	4180.755385
129	4	9254.033365	1605.046987
130	1	310872.2796	60776.02178
130	2	41432.03837	7932.787436
130	3	22011.80167	4180.755385
130	4	9254.033365	1605.046987
131	1	310872.2796	60776.02178
131	2	41432.03837	7932.787436
131	3	22011.80167	4180.755385
131	4	9254.033365	1605.046987
132	1	310872.2796	60776.02178
132	2	41432.03837	7932.787436
132	3	22011.80167	4180.755385
132	4	9254.033365	1605.046987
133	1	310872.2796	60776.02178
133	2	41432.03837	7932.787436
133	3	22011.80167	4180.755385
133	4	9254.033365	1605.046987
134	1	310872.2796	60776.02178
134	2	41432.03837	7932.787436
134	3	22011.80167	4180.755385
134	4	9254.033365	1605.046987
135	1	310872.2796	60776.02178
135	2	41432.03837	7932.787436
135	3	22011.80167	4180.755385
135	4	9254.033365	1605.046987
136	1	310872.2796	60776.02178
136	2	41432.03837	7932.787436
136	3	22011.80167	4180.755385
136	4	9254.033365	1605.046987
137	1	310872.2796	60776.02178
137	2	41432.03837	7932.787436
137	3	22011.80167	4180.755385
137	4	9254.033365	1605.046987
138	1	310872.2796	60776.02178
138	2	41432.03837	7932.787436
138	3	22011.80167	4180.755385
138	4	9254.033365	1605.046987
139	1	310872.2796	60776.02178
139	2	41432.03837	7932.787436
139	3	22011.80167	4180.755385
139	4	9254.033365	1605.046987
140	1	310872.2796	60776.02178
140	2	41432.03837	7932.787436
140	3	22011.80167	4180.755385
140	4	9254.033365	1605.046987
141	1	310872.2796	60776.02178
141	2	41432.03837	7932.787436
141	3	22011.80167	4180.755385
141	4	9254.033365	1605.046987
142	1	310872.2796	60776.02178
142	2	41432.03837	7932.787436
142	3	22011.80167	4180.755385
142	4	9254.033365	1605.046987
143	1	310872.2796	60776.02178
143	2	41432.03837	7932.787436
143	3	22011.80167	4180.755385
143	4	9254.033365	1605.046987
144	1	310872.2796	60776.02178
144	2	41432.03837	7932.787436
144	3	22011.80167	4180.755385
144	4	9254.033365	1605.046987
145	1	310872.2796	60776.02178
145	2	41432.03837	7932.787436
145	3	22011.80167	4180.755385
145	4	9254.033365	1605.046987
146	1	310872.2796	60776.02178
146	2	41432.03837	7932.787436
146	3	22011.80167	4180.755385
146	4	9254.033365	1605.046987
147	1	310872.2796	60776.02178
147	2	41432.03837	7932.787436
147	3	22011.80167	4180.755385
147	4	9254.033365	1605.046987
148	1	310872.2796	60776.02178
148	2	41432.03837	7932.787436
148	3	22011.80167	4180.755385
148	4	9254.033365	1605.046987
149	1	310872.2796	60776.02178
149	2	41432.03837	7932.787436
149	3	22011.80167	4180.755385
149	4	9254.033365	1605.046987
150	1	310872.2796	60776.02178
150	2	41432.03837	7932.787436
150	3	22011.80167	4180.755385
150	4	9254.033365	1605.046987
151	1	310872.2796	60776.02178
151	2	41432.03837	7932.787436
151	3	22011.80167	4180.755385
151	4	9254.033365	1605.046987
152	1	310872.2796	60776.02178
152	2	41432.03837	7932.787436
152	3	22011.80167	4180.755385
152	4	9254.033365	1605.046987
153	1	310872.2796	60776.02178
153	2	41432.03837	7932.787436
153	3	22011.80167	4180.755385
153	4	9254.033365	1605.046987
154	1	310872.2796	60776.02178
154	2	41432.03837	7932.787436
154	3	22011.80167	4180.755385
154	4	9254.033365	1605.046987
155	1	310872.2796	60776.02178
155	2	41432.03837	7932.787436
155	3	22011.80167	4180.755385
155	4	9254.033365	1605.046987
156	1	310872.2796	60776.02178
156	2	41432.03837	7932.787436
156	3	22011.80167	4180.755385
156	4	9254.033365	1605.046987
157	1	314816.8785	61843.2842
157	2	42795.3599	8205.518622
157	3	22801.89888	4312.025192
157	4	9458.465449	1632.935962
158	1	314816.8785	61843.2842
158	2	42795.3599	8205.518622
158	3	22801.89888	4312.025192
158	4	9458.465449	1632.935962
159	1	314816.8785	61843.2842
159	2	42795.3599	8205.518622
159	3	22801.89888	4312.025192
159	4	9458.465449	1632.935962
160	1	314816.8785	61843.2842
160	2	42795.3599	8205.518622
160	3	22801.89888	4312.025192
160	4	9458.465449	1632.935962
161	1	314816.8785	61843.2842
161	2	42795.3599	8205.518622
161	3	22801.89888	4312.025192
161	4	9458.465449	1632.935962
162	1	314816.8785	61843.2842
162	2	42795.3599	8205.518622
162	3	22801.89888	4312.025192
162	4	9458.465449	1632.935962
163	1	314816.8785	61843.2842
163	2	42795.3599	8205.518622
163	3	22801.89888	4312.025192
163	4	9458.465449	1632.935962
164	1	314816.8785	61843.2842
164	2	42795.3599	8205.518622
164	3	22801.89888	4312.025192
164	4	9458.465449	1632.935962
165	1	314816.8785	61843.2842
165	2	42795.3599	8205.518622
165	3	22801.89888	4312.025192
165	4	9458.465449	1632.935962
166	1	314816.8785	61843.2842
166	2	42795.3599	8205.518622
166	3	22801.89888	4312.025192
166	4	9458.465449	1632.935962
167	1	314816.8785	61843.2842
167	2	42795.3599	8205.518622
167	3	22801.89888	4312.025192
167	4	9458.465449	1632.935962
168	1	314816.8785	61843.2842
168	2	42795.3599	8205.518622
168	3	22801.89888	4312.025192
168	4	9458.465449	1632.935962
169	1	314816.8785	61843.2842
169	2	42795.3599	8205.518622
169	3	22801.89888	4312.025192
169	4	9458.465449	1632.935962
170	1	314816.8785	61843.2842
170	2	42795.3599	8205.518622
170	3	22801.89888	4312.025192
170	4	9458.465449	1632.935962
171	1	314816.8785	61843.2842
171	2	42795.3599	8205.518622
171	3	22801.89888	4312.025192
171	4	9458.465449	1632.935962
172	1	314816.8785	61843.2842
172	2	42795.3599	8205.518622
172	3	22801.89888	4312.025192
172	4	9458.465449	1632.935962
173	1	314816.8785	61843.2842
173	2	42795.3599	8205.518622
173	3	22801.89888	4312.025192
173	4	9458.465449	1632.935962
174	1	314816.8785	61843.2842
174	2	42795.3599	8205.518622
174	3	22801.89888	4312.025192
174	4	9458.465449	1632.935962
175	1	314816.8785	61843.2842
175	2	42795.3599	8205.518622
175	3	22801.89888	4312.025192
175	4	9458.465449	1632.935962
176	1	314816.8785	61843.2842
176	2	42795.3599	8205.518622
176	3	22801.89888	4312.025192
176	4	9458.465449	1632.935962
177	1	314816.8785	61843.2842
177	2	42795.3599	8205.518622
177	3	22801.89888	4312.025192
177	4	9458.465449	1632.935962
178	1	314816.8785	61843.2842
178	2	42795.3599	8205.518622
178	3	22801.89888	4312.025192
178	4	9458.465449	1632.935962
179	1	314816.8785	61843.2842
179	2	42795.3599	8205.518622
179	3	22801.89888	4312.025192
179	4	9458.465449	1632.935962
180	1	314816.8785	61843.2842
180	2	42795.3599	8205.518622
180	3	22801.89888	4312.025192
180	4	9458.465449	1632.935962
181	1	314816.8785	61843.2842
181	2	42795.3599	8205.518622
181	3	22801.89888	4312.025192
181	4	9458.465449	1632.935962
182	1	314816.8785	61843.2842
182	2	42795.3599	8205.518622
182	3	22801.89888	4312.025192
182	4	9458.465449	1632.935962
183	1	314816.8785	61843.2842
183	2	42795.3599	8205.518622
183	3	22801.89888	4312.025192
183	4	9458.465449	1632.935962
184	1	314816.8785	61843.2842
184	2	42795.3599	8205.518622
184	3	22801.89888	4312.025192
184	4	9458.465449	1632.935962
185	1	314816.8785	61843.2842
185	2	42795.3599	8205.518622
185	3	22801.89888	4312.025192
185	4	9458.465449	1632.935962
186	1	314816.8785	61843.2842
186	2	42795.3599	8205.518622
186	3	22801.89888	4312.025192
186	4	9458.465449	1632.935962
			
			
			
			
			
			
			
			
			
			
			
			
			
			
			
			
			
			
			
			
			
			
			
			
			
			
			
			
			
			
			
			
			
			
			
			
			
			
			
			
			
			
			
			
			
			
			
			
			
			
			
			
			
			
			
			
			
			
			
			
			
			
			
			
			
			
			
			
			
			
			
			
			
			
			
			
			
			
			
			
			
			
			
			
			
			
			
			
			
			
			
			
			
			
			
			
			
			
			
			
			
			
			
			
			
			
			
			
			
			
			
			
			
			
			
			
			
			
			
			
			
			
			
			
			
			
			
			
			
			
			
			
			
			
			
			
			
			
			
			
			
			
			
			
			
			
			
			
			
			
			
			
			
			
			
			
			
			
			
			
			
			
			
			
			
			
			
			
			
			
			
			
			
			
			
			
			
			
			
			
			
			
			
			
			
			
			
			
			
			
			
			
			
			
			
			
			
			
			
			
			
			
			
			
			
			
			
			
			
			
			
			
			
			
			
			
			
			
			
			
			
			
			
			
			
			
			
			
			
			
			
			
			
			
			
			
			
			
			
			
			
			
			
			
			
			
			
			
			
			
			
			
			
			
			
			
			
			
			
			
			
			
			
			
			
			
			
			
			
			
			
			
			
			
			
			
			
			
			
			
			
			
			
			
			
			
			
			
			
			
			
			
			
			
			
			
